0.63124037
0.5867778
0.57769865
0.5953778
0.5662292
0.565975
0.56109124
0.56381714
0.6060193
0.5641195
0.57223463
0.5684566
0.5899079
0.5661924
0.57319677
0.5582542
0.57505053
0.5749581
0.56272084
0.56258416
0.56007206
0.5584224
0.5621415
0.5663565
0.55716896
0.5584842
0.56045485
0.56171393
0.5616075
0.56556946
0.55820036
0.56093466
0.56273025
0.5625307
0.55910784
0.5630898
0.5631622
0.55734783
0.5605593
0.55709964
0.56467646
0.56390214
0.55893797
0.5558145
0.55948734
0.55706793
0.55991787
0.5594195
0.5651069
0.56579405
0.55779886
0.5566706
0.56512517
0.5588404
0.56188303
0.5584634
0.5566692
0.56226116
0.55716556
0.5592396
0.5561673
0.55882883
0.55954605
0.55645466
0.5585221
0.5574611
0.55702776
0.5614886
0.5575631
0.55725634
0.5571847
0.5555385
0.5668113
0.5577566
0.56089133
0.5599105
0.5604819
0.55844396
0.5615088
0.56108665
0.5582758
0.55776453
0.5575148
0.55725414
0.556129
0.55795187
0.56156975
0.562799
0.5595564
0.55982476
0.5566861
0.5581466
0.55696386
0.569221
0.5569533
0.5585846
0.5670391
0.556696
0.55853236
0.5670378
0.55891705
0.5587363
0.5574278
0.5609583
0.5573848
0.5621144
0.5560909
0.5580639
0.56198716
0.56031215
0.55715376
0.55892146
0.56397235
0.560616
0.55957747
0.557266
0.55774736
0.56229776
0.5608643
0.5570521
0.562306
0.56181043
0.55644774
0.5650355
0.56063086
0.5569515
0.55998284
0.5614871
0.556785
0.5576902
0.557086
0.56354034
0.55822957
0.5571433
0.5575413
0.55917335
0.5572162
0.55622685
0.5612613
0.559362
0.55741745
0.55755794
0.5582109
0.5571597
0.5588393
0.56032205
0.5643184
0.5575681
0.55595696
0.5561994
0.5577048
0.55673796
0.5567933
0.55995816
0.5558184
0.55707544
0.5567993
0.5568514
0.55876887
0.5565449
0.55788475
0.5565207
0.55929214
0.55627453
0.55636203
0.55781037
0.55854553
0.556124
0.55917704
0.5582636
0.55733544
0.5563344
0.55680317
0.55719614
0.5561414
0.5562449
0.55695534
0.55687535
0.5574466
0.5562596
0.5581772
0.55658466
0.5560148
0.5570215
0.55751
0.5575871
0.55631065
0.557051
0.5568944
0.5615784
0.55631703
0.55537766
0.5586398
0.5564071
0.55670094
0.5573727
0.55676264
0.5580659
0.5574954
0.55949026
0.55644226
0.55726177
0.55663747
0.5585619
0.5571702
0.55537677
0.55809164
0.55626565
0.5569759
0.5559741
0.56117964
0.55691063
0.5596921
0.55845267
0.55713457
0.5565288
0.55857074
0.5570136
0.555821
0.55744714
0.557427
0.5582745
0.5569866
0.55786324
0.5577593
0.55728
0.5567691
0.5565615
0.55606884
0.5582888
0.556978
0.5572877
0.558047
0.55675125
0.55773187
0.5560196
0.5586965
0.5564886
0.5594517
0.5566082
0.5561857
0.557057
0.5598125
0.5569304
0.5593143
0.55641484
0.5563574
0.5570735
0.55593413
0.55787516
0.55532837
0.55592215
0.5562465
0.5568569
0.5559563
0.5567295
0.55767494
0.5565191
0.55579585
0.55653346
0.55630237
0.5554746
0.55609876
0.5570669
0.5561023
0.55761814
0.5559082
0.5576806
0.55581164
0.55572945
0.55734056
0.5571514
0.5567082
0.55596846
0.55628914
0.5555355
0.55602956
0.5562171
0.55590177
0.55531234
0.5575659
0.5550736
0.5569238
0.55719036
0.55673194
0.5557473
0.55716145
0.55623776
0.55680346
0.55610925
0.55635005
0.5566786
0.55794835
0.558668
0.55555713
0.55708957
0.55693877
0.5564925
0.5571606
0.55660534
0.55731195
0.5579605
0.5559638
0.5569159
0.5555497
0.5557578
0.55766
0.5565193
0.55878156
0.55649537
0.5578068
0.5555039
0.55671877
0.5564538
0.55715066
0.5568944
0.55701214
0.55636495
0.5560984
0.55619425
0.5568723
0.5564646
0.5561782
0.5571864
0.5565785
0.55687255
0.5561768
0.5581355
0.55775464
0.55642295
0.5582406
0.55593187
0.5564107
0.5567763
0.55687207
0.5558883
0.5559182
0.5563696
0.55595386
0.55679965
0.55623406
0.5584108
0.5559575
0.5576864
0.55796564
0.5568493
0.55630046
0.5558143
0.5577557
0.5560609
0.55649453
0.5560148
0.5578224
0.5597382
0.5581053
0.55536056
0.5558238
0.5561974
0.55671895
0.55559844
0.5558991
0.55817246
0.55564266
0.5563585
0.5581192
0.5554486
0.5589618
0.55624115
0.5552631
0.5557588
0.55551916
0.5555481
0.5553942
0.55674106
0.5565337
0.55595136
0.55694634
0.55557686
0.5559884
0.5562491
0.5556746
0.5560239
0.557409
0.5564177
0.55586565
0.55912775
0.55594146
0.55638903
0.55799824
0.5555555
0.55698717
0.5556181
0.55611193
0.5568876
0.55577433
0.5565041
0.55919117
0.5558451
0.5569162
0.557093
0.5576437
0.558659
0.5583586
0.55611193
0.5565385
0.5565559
0.55993557
0.5570039
0.55678666
0.55652404
0.5561127
0.55762494
0.556955
0.55618864
0.5569223
0.5560834
0.5556943
0.5558113
0.5566562
0.55629516
0.55643976
0.5568241
0.5560764
0.5561212
0.55604446
0.5580659
0.5560915
0.5571188
0.55715823
0.5561131
0.5575356
0.55879545
0.55718535
0.5568208
0.5570729
0.5567317
0.55766433
0.5561502
0.55613685
0.5587377
0.5555701
0.5556814
0.5575519
0.5560166
0.55622274
0.55667245
0.5569031
0.5565872
0.55679756
0.55491745
0.55656767
0.5565998
0.5565654
0.55695575
0.55638057
0.5566382
0.55580485
0.5573794
0.55651206
0.5562065
0.55597043
0.5558089
0.5565148
0.55703074
0.557358
0.556269
0.5561782
0.5558927
0.5572588
0.5564599
0.5590825
0.5582913
0.5571342
0.5562132
0.5570312
0.55521107
0.55776995
0.5575427
0.55623215
0.55607945
0.5563481
0.5561902
0.5564329
0.55665046
0.55636925
0.5562958
0.55662936
0.5561896
0.5578256
0.55840683
0.5571826
0.5563877
0.5556754
0.55644166
0.5570332
0.55633473
0.5552917
0.55686677
0.5556821
0.55624354
0.5555935
0.5560982
0.55659664
0.5574963
0.55657953
0.55797553
0.5576352
0.5562241
0.55635405
0.55625737
0.55557853
0.5571935
0.5563588
0.55561566
0.5574926
0.55736524
0.55541074
0.555263
0.5564613
0.5558325
0.5561683
0.55656445
0.55570656
0.55613244
0.5558932
0.55829376
0.55612516
0.55809945
0.55666375
0.55631554
0.5579343
0.5571776
0.556002
0.55580467
0.5571037
0.55726236
0.5571606
0.556503
0.5563787
0.5551936
0.55533487
0.55542517
0.5561252
0.55641043
0.5560608
0.55524385
0.5561066
0.5562389
0.5584158
0.55748093
0.55599713
0.55522054
0.5555918
0.55501246
0.556295
0.5560753
0.5563056
0.5552538
0.5560012
0.55917555
0.55672634
0.5560738
0.5573869
0.5558769
0.55573106
0.55688137
0.55510455
0.55718964
0.5563775
0.5554311
0.5566732
0.5564737
0.5558623
0.5558384
0.55625683
0.5568782
0.5576409
0.5578517
0.557198
0.5568537
0.5567668
0.5573164
0.5562832
0.55542856
0.5558136
0.55651706
0.5561259
0.55640393
0.5561469
0.5575327
0.5552436
0.55576193
0.5582222
0.55636847
0.55575883
0.55554986
0.55521744
0.55613023
0.5553979
0.55695903
0.557155
0.5570106
0.556699
0.5559004
0.5570622
0.5574448
0.5563685
0.55588365
0.55641973
0.556018
0.5573993
0.55749893
0.55617493
0.5559407
0.5562732
0.5588442
0.5565031
0.555543
0.55709076
0.5565593
0.5560067
0.5589423
0.5560903
0.55601656
0.5558172
0.55607843
0.556004
0.55706453
0.5574904
0.5551988
0.5581185
0.555949
0.5564529
0.5569724
0.55582005
0.5555519
0.55709994
0.55552554
0.556814
0.55628717
0.55608916
0.55581033
0.5568782
0.5559309
0.5563296
0.5565004
0.5570124
0.55653685
0.55631727
0.5565032
0.5560681
0.55591357
0.5579204
0.5562926
0.55632895
0.55860406
0.5562165
0.55690354
0.5557387
0.5559136
0.55590945
0.55825937
0.55634636
0.5559681
0.556135
0.5562309
0.5559874
0.5562863
0.5564214
0.55573803
0.5562589
0.556993
0.55686265
0.555986
0.55596143
0.55710185
0.5562078
0.55586624
0.55753046
0.55602777
0.5565294
0.5567061
0.55573165
0.5589721
0.55630744
0.5571207
0.55653924
0.55577403
0.5564429
0.5568128
0.5559344
0.5574504
0.5568615
0.55580616
0.5559691
0.55618685
0.5561366
0.55601054
0.5567896
0.5560296
0.5554422
0.5554023
0.5565177
0.5555179
0.5560433
0.5562854
0.5562192
0.55799705
0.5555945
0.5566232
0.55619186
0.5567604
0.5556344
0.5555422
0.5580901
0.5557118
0.55897665
0.55566716
0.5573773
0.5557611
0.5584529
0.5579663
0.5564521
0.55609995
0.5567731
0.5566826
0.55848914
0.55876917
0.55574
0.5582828
0.55720854
0.5573435
0.5552485
0.5570905
0.55690676
0.5578392
0.55502313
0.5569271
0.55716586
0.5565846
0.5566627
0.55588716
0.5555773
0.5561862
0.5574091
0.55609065
0.55563825
0.55603004
0.5563632
0.55607146
0.55604726
0.55679524
0.5553379
0.55582213
0.55564934
0.5555938
0.5559873
0.5566753
0.55580723
0.5561858
0.55730873
0.55587035
0.5581882
0.55729955
0.5550936
0.55870324
0.5561813
0.5578972
0.555207
0.55812156
0.5559719
0.5558643
0.55568457
0.5560453
0.55715007
0.55621475
0.55592257
0.555688
0.5562865
0.5560897
0.55587924
0.5561284
0.55526245
0.5566541
0.5556017
0.55839336
0.55555075
0.5558199
0.5557945
0.55651724
0.5567002
0.556108
0.5558147
0.5556052
0.559715
0.5564324
0.5563117
0.55595636
0.55507654
0.556177
0.5553289
0.5561005
0.55565464
0.55621266
0.5579472
0.5560291
0.5562922
0.55652016
0.55585605
0.5560297
0.55580604
0.55596614
0.55733305
0.5567461
0.5562873
0.55593324
0.55753213
0.55565226
0.5552043
0.5565354
0.55585814
0.55713284
0.5567992
0.55691826
0.55836684
0.55588263
0.55638593
0.55765086
0.5573503
0.55603373
0.55646956
0.55626863
0.55807686
0.5558325
0.55833256
0.5576318
0.55598116
0.55698967
0.55630744
0.5553955
0.5565226
0.5563872
0.5571201
0.55592626
0.55587924
0.55586684
0.55574137
0.5555161
0.55552495
0.55634606
0.5564516
0.5556149
0.5570489
0.55628264
0.55546355
0.55618215
0.5562418
0.55683994
0.5552751
0.5559646
0.55551195
0.556316
0.55610603
0.5564407
0.55576015
0.5573559
0.5567887
0.55605847
0.55632067
0.5560961
0.5561609
0.55630106
0.55694604
0.5555838
0.5559953
0.5566772
0.5569809
0.55585974
0.5558934
0.55665797
0.55588233
0.55672175
0.5567458
0.5572501
0.55599225
0.55755216
0.55845743
0.55747855
0.55668736
0.55629295
0.5561232
0.5560372
0.5552608
0.5562945
0.55586565
0.5558925
0.5559891
0.55656046
0.5586287
0.55620605
0.5574191
0.55818975
0.5564473
0.5555311
0.5558133
0.55629057
0.55578387
0.5566496
0.5571325
0.55738133
0.55597097
0.55883527
0.55631644
0.55661225
0.5569938
0.55686355
0.55583394
0.55701864
0.5604934
0.5568333
0.55655044
0.5569762
0.556735
0.5557731
0.5561327
0.5559514
0.55607957
0.55654365
0.5581829
0.5559336
0.55667394
0.5578575
0.55630994
0.55808353
0.55607957
0.5593952
0.55617386
0.5562489
0.556654
0.5581603
0.5559873
0.5559343
0.5556173
0.55661935
0.5575264
0.55567193
0.55661017
0.55737996
0.55639166
0.5567275
0.55574065
0.5559867
0.555645
0.5568704
0.5568198
0.5583064
0.5564287
0.5562557
0.55648196
0.5562528
0.557488
0.55580664
0.5551805
0.5565309
0.55599725
0.55512923
0.55592966
0.55567473
0.557766
0.55649745
0.55563414
0.55707514
0.5568877
0.5564209
0.5564131
0.55585784
0.5555488
0.55550146
0.558138
0.55656934
0.55641764
0.55611193
0.5567443
0.5561247
0.55662197
0.5576418
0.5555373
0.55551404
0.5562278
0.5571523
0.55620104
0.55633456
0.5559642
0.55641526
0.5561321
0.5567851
0.5577579
0.5565435
0.5567096
0.55545056
0.5556312
0.5575275
0.5583116
0.55561954
0.5558698
0.5566674
0.55629367
0.556467
0.55663025
0.5560485
0.5557163
0.55747265
0.5562875
0.5562881
0.55531466
0.5559113
0.5571171
0.5559644
0.5556662
0.5569015
0.55667
0.55779296
0.55858797
0.5561219
0.5587923
0.5595738
0.5576091
0.5557035
0.5561586
0.55615956
0.5568044
0.5567366
0.5568616
0.55623263
0.5559208
0.55542517
0.5580083
0.55735916
0.5559375
0.5564656
0.55524844
0.55633605
0.5564988
0.5564247
0.5559804
0.55651796
0.5564448
0.55836785
0.5565323
0.5567247
0.5566116
0.5573689
0.55675703
0.55674654
0.55707985
0.5566085
0.55657375
0.5565089
0.5556724
0.5577043
0.55925125
0.55611783
0.5566104
0.5558513
0.55646664
0.55594045
0.55544037
0.55738616
0.55859286
0.5559733
0.55550206
0.5558952
0.55842185
0.5581049
0.5558274
0.5563744
0.5559962
0.55536693
0.55663484
0.5560794
0.5564824
0.55660295
0.55583626
0.55593073
0.5556478
0.55634
0.5587893
0.55679905
0.5567218
0.5571611
0.5575195
0.5566361
0.55638856
0.5583317
0.5566994
0.55621934
0.55796623
0.55615723
0.55745196
0.55544835
0.5584663
0.5561667
0.5558593
0.55745435
0.5570635
0.5556803
0.5580963
0.55682737
0.55763775
0.5561694
0.5560115
0.5562843
0.55627674
0.5564502
0.5553239
0.55577445
0.55637926
0.5564889
0.55579144
0.5560832
0.5564335
0.5559483
0.55647916
0.5575393
0.5563948
0.5566046
0.5559739
0.5568862
0.55655324
0.5561062
0.5554942
0.5568391
0.5555024
0.5551171
0.5554738
0.5558843
0.5562917
0.5557854
0.55521387
0.5557123
0.5561708
0.55597615
0.5555522
0.5593474
0.5567102
0.55599636
0.55675805
0.5564728
0.5573027
0.55590045
0.55643475
0.5574358
0.5556166
0.5555992
0.5561
0.555724
0.55603784
0.55536616
0.55641913
0.5556766
0.5554298
0.5552192
0.5561256
0.5561188
0.55704945
0.55591905
0.5566977
0.55740565
0.5553702
0.55724555
0.55581635
0.5565016
0.5566238
0.55576396
0.55570346
0.55551744
0.55705893
0.55690306
0.55600774
0.5559676
0.5557597
0.5566522
0.5566852
0.55584705
0.5566841
0.55594254
0.5561113
0.55704033
0.55636126
0.556058
0.5563804
0.5556492
0.55653465
0.55773115
0.5572622
0.5583414
0.5564833
0.5591647
0.5572996
0.55651
0.55814236
0.5575845
0.55641925
0.5566721
0.55701697
0.55850655
0.5566425
0.5573485
0.5572382
0.5556945
0.55846435
0.5566771
0.5568027
0.5565778
0.5565562
0.5561905
0.5576083
0.5568681
0.5563549
0.5561179
0.55688643
0.5569735
0.55706096
0.55601555
0.55577356
0.55729496
0.55573434
0.5559263
0.55625093
0.55587226
0.55561966
0.556413
0.5560454
0.55621725
0.556555
0.5559284
0.55756915
0.5567972
0.55647826
0.5568183
0.557074
0.55697584
0.55585
0.557404
0.5554827
0.5558659
0.555977
0.5558723
0.55598176
0.55623174
0.5559648
0.55642223
0.55598694
0.55579
0.5555837
0.55587846
0.5561996
0.5561399
0.5566752
0.5579228
0.5571548
0.55627203
0.5574063
0.5563228
0.5585337
0.5563926
0.55728763
0.5562913
0.5555894
0.5568831
0.556188
0.55634636
0.55643135
0.5592149
0.55768746
0.55751383
0.5566116
0.5568716
0.5579098
0.5562315
0.5566355
0.5566037
0.55836517
0.556036
0.55655056
0.5561941
0.5566824
0.5567055
0.55772096
0.55687046
0.55639374
0.55603904
0.555762
0.55618405
0.55659425
0.55623347
0.5565291
0.5563376
0.55686605
0.5589032
0.5572149
0.55631256
0.5556621
0.5565727
0.557239
0.5565033
0.55706143
0.5562488
0.5570972
0.55721784
0.55651635
0.55813754
0.5577261
0.55684906
0.5563411
0.55610013
0.5563327
0.5563461
0.55885977
0.5557688
0.55570084
0.5574945
0.55558145
0.557169
0.5564108
0.55661905
0.55636764
0.55851066
0.5559658
0.5566841
0.5569544
0.55588114
0.558345
0.55611074
0.5557233
0.55622774
0.5568494
0.5559001
0.55723274
0.55565405
0.5571714
0.5557423
0.5569272
0.5559406
0.55956525
0.55710995
0.55570793
0.5561358
0.5569603
0.5565873
0.5561339
0.55623984
0.556047
0.5570197
0.5572983
0.55642045
0.55610913
0.55595815
0.556478
0.559709
0.5572828
0.55625534
0.55618614
0.55637425
0.55827326
0.55596286
0.5571199
0.55589193
0.5562601
0.5579931
0.5571893
0.5583979
0.55727047
0.55794764
0.5598609
0.556816
0.5573273
0.55613685
0.5563492
0.55661386
0.55725217
0.55714095
0.55561507
0.5565462
0.5579644
0.5567286
0.5560277
0.55632234
0.55917126
0.5561424
0.5569821
0.55730796
0.55628425
0.5562852
0.55538374
0.55750954
0.5562825
0.55581397
0.55544543
0.5565402
0.55652547
0.55552095
0.5561007
0.5565428
0.5572803
0.556185
0.5568898
0.5568795
0.55654716
0.55634636
0.55761474
0.5559926
0.5557702
0.5559904
0.5560242
0.55709696
0.55554926
0.55627906
0.55726933
0.5568139
0.5568353
0.5563566
0.55637634
0.55580616
0.55574954
0.55666137
0.556649
0.5558038
0.5562844
0.55620533
0.5557421
0.55756414
0.55681837
0.55636287
0.5572908
0.5557233
0.5555598
0.5571067
0.5571173
0.556736
0.5570099
0.5557377
0.5567781
0.5557838
0.5563528
0.55704314
0.55572724
0.5567239
0.5557393
0.5556637
0.55535436
0.5573041
0.5568808
0.5582934
0.55683917
0.5561317
0.55758744
0.55699396
0.5560641
0.5561962
0.5562019
0.5566445
0.5574537
0.5583271
0.55701303
0.55668944
0.55746883
0.5583307
0.55677193
0.5573045
0.55673784
0.55676055
0.55680394
0.55530524
0.5604998
0.5560492
0.55620384
0.5586654
0.5567907
0.55722296
0.5560299
0.55659246
0.55669385
0.55622274
0.5559845
0.5568502
0.55732375
0.555589
0.5564468
0.5555152
0.55589324
0.5567476
0.5563711
0.5579199
0.5578147
0.5552767
0.5575904
0.5562607
0.5567383
0.55591565
0.5586181
0.556672
0.5574901
0.55815005
0.5565941
0.556746
0.5570757
0.55576986
0.5568862
0.556852
0.556203
0.5573075
0.5555065
0.55568385
0.55539995
0.5564832
0.55750436
0.55741346
0.55705506
0.55603164
0.55665535
0.5565552
0.55745536
0.55630696
0.5555639
0.5565275
0.55628586
0.5565387
0.5571444
0.5559826
0.55577207
0.55864006
0.5571773
0.55589104
0.5566484
0.55597365
0.55650485
0.55621535
0.55658513
0.5564136
0.5564212
0.55579126
0.5560309
0.5564065
0.55677
0.55691934
0.55663246
0.555783
0.5571348
0.55564237
0.5569117
0.55534905
0.55630594
0.5564278
0.55603075
0.5559692
0.55669814
0.5582572
0.5560129
0.5556557
0.55637604
0.555553
0.5570302
0.55875194
0.55923945
0.5563421
0.55643195
0.55875254
0.5581193
0.5574774
0.5563055
0.5574379
0.556566
0.5564708
0.5575151
0.556575
0.55836284
0.55629945
0.55550456
0.555938
0.55583483
0.5562422
0.5570457
0.5565871
0.55613375
0.5567098
0.5565703
0.5565889
0.5566619
0.55664766
0.55713147
0.55539143
0.5556325
0.5562505
0.5569385
0.55532163
0.55618304
0.5558887
0.5586455
0.55687904
0.55633056
0.5567827
0.5557194
0.5563683
0.5563018
0.56000894
0.55664045
0.5572386
0.5565739
0.5588981
0.5570807
0.5565542
0.5559322
0.55658
0.555638
0.5568619
0.5565182
0.5575292
0.5559649
0.5569882
0.55602616
0.55657095
0.55624783
0.5569502
0.5561188
0.55616385
0.5565182
0.55696726
0.55736023
0.5573976
0.5599444
0.5568543
0.5580637
0.55552906
0.55907637
0.5563962
0.55575204
0.5575654
0.55604905
0.55792063
0.5560892
0.5562076
0.556344
0.5580468
0.55591
0.55951315
0.55619985
0.5553679
0.55566716
0.55604374
0.5558845
0.558128
0.5575841
0.5568981
0.55747217
0.5586371
0.5588456
0.5566982
0.55670905
0.5563727
0.5564601
0.5566153
0.5559369
0.5576555
0.5567516
0.5576735
0.5566592
0.55845624
0.55700433
0.5558377
0.55709696
0.55616874
0.55649143
0.56532496
0.55643815
0.5578572
0.55683273
0.5554383
0.556778
0.55788803
0.5577035
0.55740225
0.5583289
0.55614114
0.55630934
0.55650365
0.5574834
0.55568767
0.55629444
0.5568245
0.5562278
0.55578846
0.5575888
0.5567823
0.5565787
0.5560983
0.5560646
0.5557982
0.5555977
0.5591221
0.5562195
0.55662495
0.5570356
0.5598738
0.55656904
0.5562976
0.5585495
0.55668086
0.55663306
0.55712986
0.5567581
0.55876386
0.5578947
0.556187
0.556823
0.55628556
0.5567394
0.55771035
0.5566281
0.55614686
0.5582361
0.5565875
0.55636656
0.55599505
0.55637604
0.55648327
0.55669504
0.5564238
0.55773604
0.55726933
0.5561085
0.5569121
0.5570271
0.5561799
0.5569679
0.55796915
0.55726224
0.55634993
0.5557997
0.55563974
0.5567526
0.5569575
0.5563958
0.5573678
0.5569345
0.55729055
0.55765754
0.5569936
0.55613714
0.5562231
0.5559214
0.55714476
0.5562
0.5562175
0.5568587
0.5573258
0.5570592
0.5556356
0.5567672
0.55760574
0.5554019
0.5552708
0.5572859
0.55664974
0.5560116
0.55617535
0.55913144
0.55670846
0.5570235
0.558163
0.5559453
0.5562872
0.55633706
0.55600226
0.55610067
0.55717117
0.55647373
0.55670613
0.556523
0.55714345
0.55737185
0.55788434
0.557163
0.55682206
0.556787
0.5573531
0.55700654
0.5569881
0.5561092
0.5574003
0.5578147
0.55609375
0.5575033
0.55598927
0.5582924
0.55725896
0.55675936
0.55586827
0.5565883
0.5567757
0.5568068
0.5574433
0.56123894
0.55723435
0.55647403
0.5573756
0.5569132
0.55609196
0.5559059
0.55886596
0.55764675
0.5563494
0.5565152
0.557015
0.5576941
0.55697244
0.5556407
0.5569859
0.5564169
0.5577627
0.55600697
0.55617857
0.5562932
0.5563918
0.5559627
0.5569711
0.5562065
0.55543774
0.556489
0.5563335
0.55638635
0.557407
0.5563125
0.55705786
0.55720484
0.55593085
0.556338
0.55601484
0.55665135
0.5576814
0.5565008
0.55621237
0.5573449
0.55933297
0.5571782
0.55630744
0.5562637
0.5579831
0.55693114
0.5564763
0.5576506
0.5557482
0.556794
0.5561012
0.5558515
0.5565714
0.55644655
0.55760133
0.55626947
0.5603912
0.55657905
0.55964243
0.5573871
0.56143373
0.5568515
0.55702686
0.5562159
0.5568607
0.555601
0.5580607
0.55696976
0.5577739
0.556699
0.5565176
0.55814314
0.5553194
0.5551974
0.55658376
0.5561777
0.5567974
0.55587506
0.5556858
0.55747014
0.55664384
0.5564296
0.5569401
0.55624217
0.5566361
0.5565993
0.5561785
0.55666184
0.5557638
0.55896884
0.55624795
0.55590886
0.55612713
0.5590894
0.55705285
0.556091
0.5565986
0.5565596
0.5563331
0.55655324
0.5571893
0.55693126
0.5602007
0.5574416
0.55678415
0.5578905
0.5565125
0.55675566
0.55660325
0.5567774
0.55735576
0.55822396
0.55659467
0.55955905
0.5569265
0.5576923
0.55717254
0.5571456
0.55645025
0.55957174
0.55591893
0.5568985
0.5568388
0.5559719
0.5565749
0.556778
0.5563446
0.55621934
0.55722755
0.55633473
0.557921
0.55630755
0.5556614
0.55674976
0.5566855
0.5578769
0.5564248
0.5557182
0.5576646
0.5560749
0.55664146
0.5560829
0.55624056
0.5580762
0.55677456
0.5564638
0.5558027
0.5557531
0.5562405
0.556945
0.55761063
0.55694664
0.5561283
0.5567114
0.55754876
0.555478
0.55621606
0.55660117
0.5572312
0.55660254
0.55575305
0.55720276
0.5579122
0.5579949
0.55647767
0.5566834
0.55596
0.5578087
0.55533427
0.55878496
0.55902916
0.55752254
0.55708075
0.5557943
0.5563372
0.5562064
0.55588686
0.556172
0.55727315
0.55659556
0.55691755
0.55972284
0.55541086
0.55710566
0.55704546
0.55580115
0.55682653
0.5560978
0.5556568
0.55853796
0.5561575
0.55679953
0.5566686
0.557023
0.5576752
0.55762094
0.5564259
