0.623191
0.5879936
0.58474046
0.59573907
0.5974198
0.58233243
0.56716806
0.5678972
0.56353223
0.567388
0.56465125
0.56532854
0.5632322
0.56636876
0.56928134
0.5756698
0.5779472
0.5669634
0.57285833
0.57021236
0.5956451
0.5615846
0.563709
0.5609698
0.5855508
0.57064694
0.56969285
0.57550687
0.56568277
0.565417
0.5781557
0.56462944
0.5644616
0.56351185
0.5600508
0.5730913
0.5662304
0.56084716
0.56687623
0.57861876
0.56713754
0.5649891
0.575048
0.5636204
0.5622442
0.5892985
0.5730229
0.56224847
0.56163937
0.56076986
0.56307125
0.5677
0.5605422
0.5618475
0.568028
0.5630803
0.56311905
0.56263614
0.55984145
0.55882555
0.559198
0.5694675
0.56288415
0.5631158
0.5592041
0.5642272
0.56233364
0.5598631
0.562272
0.56031966
0.56176686
0.56063044
0.56020385
0.5616932
0.55981207
0.5587007
0.56026274
0.56091183
0.5581686
0.5597859
0.5599415
0.5616136
0.5610309
0.56444854
0.5587948
0.5613018
0.5665716
0.5616816
0.5581371
0.5602149
0.5687393
0.5615044
0.55985457
0.56043845
0.5595421
0.5600857
0.5684428
0.56073326
0.5618239
0.5655781
0.55864716
0.56044406
0.55880207
0.56016314
0.55972767
0.5586145
0.5598175
0.5603553
0.5593362
0.5596859
0.56106097
0.55883753
0.5578829
0.56120133
0.562334
0.56360584
0.5595838
0.5583349
0.56698996
0.55780536
0.5608054
0.5589032
0.56128633
0.56193364
0.5665947
0.5593745
0.55999553
0.56030923
0.55978024
0.56086487
0.5609053
0.5584307
0.5588921
0.56651574
0.56224334
0.56094044
0.5583121
0.55823284
0.5627329
0.5592924
0.55915344
0.55838656
0.55860406
0.5582466
0.5606845
0.55921996
0.5590813
0.558537
0.5584796
0.5591655
0.5600374
0.55767965
0.56019115
0.55959874
0.55836964
0.55799234
0.560359
0.5585619
0.5602
0.55837435
0.5583951
0.5580557
0.55698466
0.5595285
0.5579911
0.5580777
0.5591737
0.558318
0.5619057
0.5608257
0.55756086
0.5585484
0.55923414
0.5579313
0.5580335
0.55958277
0.5575928
0.56101847
0.55749977
0.5579439
0.5637938
0.5585963
0.55837464
0.559013
0.55901325
0.5576656
0.5572355
0.5598729
0.5577034
0.5609759
0.5632025
0.5641162
0.55901927
0.5584281
0.5584183
0.5591745
0.55775934
0.5583684
0.5636985
0.55780643
0.5575489
0.5589468
0.55846226
0.557948
0.55879635
0.5575988
0.5599969
0.5589116
0.55845237
0.55781555
0.558971
0.56350094
0.56024903
0.55731887
0.55816734
0.55941015
0.5580415
0.5574408
0.55701005
0.5582862
0.5581189
0.5580731
0.55747247
0.5600175
0.55655795
0.55969864
0.55931956
0.55854815
0.558826
0.55981135
0.5574133
0.55721915
0.55791897
0.5576005
0.55753946
0.5573217
0.55836767
0.55892473
0.5610708
0.55786175
0.557767
0.5576939
0.5582471
0.55716217
0.5569455
0.5566968
0.55807555
0.55995107
0.5596001
0.5566756
0.55708355
0.56056535
0.556787
0.5580485
0.5580942
0.55819756
0.55809265
0.5590629
0.55789286
0.5587975
0.56131953
0.5568429
0.55764073
0.5573824
0.55953354
0.5581719
0.55959946
0.5576755
0.5575488
0.55769795
0.55784124
0.55731755
0.5574194
0.55736387
0.5575465
0.5600504
0.55727655
0.55762213
0.5582655
0.5575947
0.55757856
0.55845386
0.55803627
0.55856794
0.55756325
0.5581871
0.557485
0.5582057
0.55761796
0.5584161
0.557983
0.55823976
0.5593881
0.55930585
0.55778205
0.5585827
0.5573472
0.55739594
0.5630526
0.5575762
0.5570606
0.5602348
0.5583384
0.55751264
0.55787766
0.558401
0.5581917
0.5576365
0.5572888
0.5585423
0.55695903
0.558347
0.5591172
0.5571824
0.55924404
0.55712867
0.5588702
0.5606896
0.5569203
0.5585941
0.55777013
0.5602284
0.5569757
0.5570027
0.5577342
0.55817425
0.5570644
0.5607288
0.5577006
0.5579351
0.5585672
0.5573871
0.5576335
0.5583604
0.5570111
0.55763054
0.5578072
0.557467
0.55843735
0.55887747
0.5571319
0.55915934
0.55829656
0.55816907
0.5575406
0.55705607
0.5574591
0.558357
0.55842936
0.5572072
0.558459
0.5573089
0.5596206
0.55920273
0.5579296
0.5572965
0.55723095
0.5617252
0.5570144
0.55712247
0.55812794
0.5568211
0.5578871
0.5580101
0.55700594
0.557271
0.5578765
0.557741
0.55688137
0.5579478
0.5577417
0.55758965
0.55745757
0.5570847
0.5580908
0.5598664
0.5581693
0.55786633
0.5624341
0.55707526
0.5572458
0.557717
0.560408
0.5579768
0.55642176
0.55739176
0.55729824
0.55720776
0.55893165
0.5612461
0.5569064
0.55754757
0.55736613
0.5576911
0.55723214
0.5579196
0.5577013
0.5577634
0.5577616
0.5579085
0.5608584
0.55748945
0.5579748
0.5578041
0.55808455
0.55707866
0.5577677
0.55740136
0.5584962
0.5596689
0.55748457
0.5611266
0.55811626
0.5577353
0.5572081
0.5578446
0.5570638
0.5580991
0.55712575
0.5580655
0.5578238
0.5586459
0.5570321
0.5605502
0.5573635
0.55735904
0.5570541
0.5583148
0.5582587
0.55822575
0.55688596
0.55763
0.55756515
0.5573938
0.5589835
0.5579709
0.56209093
0.55731845
0.5569235
0.55748284
0.55770564
0.557567
0.55881196
0.5570276
0.5579467
0.557494
0.5577847
0.55768377
0.557147
0.5576812
0.55851775
0.55754364
0.55711627
0.56010467
0.5589505
0.557255
0.55959123
0.5569501
0.5573625
0.5574681
0.5580858
0.5569557
0.5574451
0.55773854
0.55882674
0.5572304
0.5579506
0.55960953
0.5571049
0.55783325
0.5573915
0.55901474
0.5584394
0.5610836
0.5574698
0.5570176
0.55748045
0.55817115
0.5602144
0.55740774
0.5586068
0.5576828
0.5573524
0.557515
0.557242
0.55768657
0.5576504
0.55749303
0.55760705
0.5577235
0.55868375
0.55739975
0.5567823
0.5575724
0.55712295
0.55843735
0.5610637
0.5572797
0.5576217
0.55766654
0.5599637
0.55832297
0.5575708
0.55838734
0.55765396
0.55834407
0.5580877
0.5576706
0.55820954
0.5578857
0.5573354
0.5576696
0.5574894
0.5573396
0.5571592
0.55741143
0.5577599
0.5586602
0.55777603
0.55691105
0.5578963
0.55778337
0.5574892
0.55677783
0.5598025
0.5592868
0.55729496
0.5576267
0.56190336
0.557395
0.5567318
0.5571688
0.55702615
0.55711925
0.5590873
0.5579345
0.55880696
0.5581775
0.55792964
0.5578086
0.5571688
0.55882394
0.55685014
0.5579496
0.5574193
0.5586756
0.5608628
0.5572387
0.5572489
0.5581536
0.55728054
0.5595927
0.5576232
0.55818963
0.55811846
0.5585935
0.55945045
0.5589496
0.5577582
0.55753064
0.55729073
0.5575688
0.55763865
0.55720204
0.5573538
0.557292
0.5574741
0.5571372
0.5584425
0.558317
0.5569895
0.55707735
0.55873203
0.5573659
0.56107634
0.5579483
0.55791485
0.55749553
0.55647826
0.5606974
0.55733156
0.557943
0.55686444
0.55668795
0.5585698
0.5573163
0.55706877
0.55744815
0.55707586
0.5595748
0.55712223
0.55679715
0.55920887
0.55894995
0.55833507
0.557391
0.5570578
0.55795723
0.55886275
0.55748284
0.5569939
0.55849445
0.5573803
0.55933344
0.55754447
0.55785716
0.5574782
0.5569326
0.55843395
0.5573294
0.55792516
0.557519
0.5579072
0.55728054
0.55732185
0.5572379
0.55753237
0.55956984
0.557363
0.5568773
0.5589194
0.5575081
0.55689865
0.5577307
0.5576196
0.5591248
0.55721384
0.558742
0.5580671
0.55741984
0.5574281
0.5566061
0.5573264
0.5575821
0.557206
0.55675614
0.55927014
0.5575807
0.5575091
0.55761313
0.55738294
0.556907
0.55821806
0.5598088
0.55763775
0.5582945
0.5570756
0.558943
0.5570278
0.5578112
0.5577813
0.55771947
0.55699056
0.557128
0.5571504
0.55689496
0.5568512
0.5577663
0.5572804
0.5567786
0.55783904
0.5570819
0.5584684
0.5575841
0.55759096
0.5579408
0.5575462
0.5579219
0.55681384
0.5582222
0.55750823
0.55797356
0.55798393
0.5584164
0.5571825
0.5571063
0.55724794
0.5601773
0.5598932
0.5567752
0.55715436
0.5578075
0.55735785
0.55697167
0.5569063
0.55826235
0.5578253
0.55740345
0.5573744
0.5578164
0.55722785
0.5571859
0.55675524
0.5572249
0.56032646
0.558289
0.55812514
0.5575081
0.5572786
0.5590163
0.56090397
0.5572045
0.55837023
0.5578242
0.5571891
0.557759
0.5573863
0.55705434
0.55726916
0.55867475
0.5580203
0.55718476
0.55955887
0.55867666
0.55863494
0.5576691
0.55829984
0.55731755
0.5571183
0.55741364
0.55794865
0.55917215
0.55779773
0.5575991
0.55846006
0.5569265
0.55761886
0.5573452
0.5570158
0.5574487
0.5579253
0.55764663
0.5577534
0.5576321
0.5576227
0.5574571
0.55782664
0.5589658
0.557857
0.55729103
0.55727917
0.55794287
0.5573978
0.5575497
0.5576256
0.5589158
0.557643
0.5606831
0.5585998
0.5576903
0.5587211
0.55714566
0.56045175
0.5582012
0.55805284
0.5576625
0.55849177
0.5570861
0.5596012
0.55696684
0.5577599
0.55910885
0.55776805
0.5567792
0.55712295
0.5571804
0.5572608
0.5588605
0.56273484
0.5594493
0.55783117
0.5574817
0.557761
0.5618135
0.5582751
0.5580288
0.5586105
0.5571328
0.5571327
0.55765194
0.55830806
0.5593714
0.55697525
0.5570395
0.5583396
0.558695
0.5589485
0.5588614
0.5577443
0.5569747
0.55807436
0.55719393
0.5586273
0.5577739
0.5581282
0.55885917
0.55704844
0.5569975
0.55707425
0.5571977
0.55737716
0.55742025
0.5583281
0.55700606
0.5580598
0.5588141
0.56006336
0.559896
0.5600342
0.5594529
0.5595513
0.5596327
0.55841
0.5578703
0.5572655
0.56021804
0.55737025
0.5593867
0.5580003
0.5589711
0.5573983
0.5573861
0.55678034
0.5597242
0.5578169
0.5585771
0.5576978
0.558237
0.5576007
0.55770195
0.556766
0.56135094
0.5572297
0.5606571
0.5586353
0.5575396
0.5569074
0.55764747
0.5570975
0.55845255
0.55723244
0.5569335
0.55806524
0.5568986
0.5582965
0.55981284
0.557213
0.5572906
0.55766296
0.5589577
0.5574581
0.55847436
0.558466
0.5582084
0.55842924
0.55758154
0.558134
0.5573628
0.5614846
0.55866426
0.55881375
0.55716616
0.5573372
0.5571439
0.55715656
0.55767757
0.5582102
0.5576326
0.5572006
0.5579123
0.5576997
0.5577785
0.5575863
0.55792564
0.55816543
0.5580928
0.5574369
0.55760634
0.5577333
0.55767024
0.5579418
0.5574972
0.5576272
0.557447
0.5606502
0.55784273
0.55761266
0.55804914
0.55963194
0.5574685
0.5576991
0.55750394
0.5584507
0.55834883
0.557293
0.5569973
0.55799776
0.5579286
0.5592188
0.5574493
0.5572571
0.55751604
0.55791116
0.55696356
0.55760926
0.5590166
0.55893105
0.5577842
0.55873114
0.55835485
0.55775845
0.5585382
0.55761087
0.55945975
0.55735576
0.55745107
0.558912
0.5577764
0.557922
0.5575418
0.55976397
0.5577888
0.55824614
0.557335
0.5598085
0.55740184
0.55858153
0.5584952
0.5577106
0.55836385
0.5575803
0.5581615
0.55724496
0.55830145
0.5572996
0.55788165
0.55700284
0.5595726
0.5579349
0.557747
0.5570433
0.5578147
0.55726224
0.5579396
0.5572427
0.5574758
0.5578236
0.5582587
0.5579022
0.5592841
0.5572498
0.5578078
0.5573943
0.5574552
0.5586792
0.55858666
0.55771124
0.55759305
0.55772257
0.5575488
0.5571599
0.55823857
0.5573833
0.55747294
0.55805665
0.5569154
0.5615451
0.55762005
0.55727404
0.558524
0.5576879
0.5569752
0.55723363
0.5590209
0.56028485
0.5574897
0.55707055
0.5575161
0.55884516
0.55716556
0.55774134
0.55830896
0.557367
0.5576017
0.55804896
0.557749
0.5584218
0.5582869
0.5582254
0.5567597
0.5574023
0.5571146
0.5575609
0.55778503
0.5594308
0.5577445
0.5591794
0.5571313
0.5582795
0.55783737
0.55775195
0.5581502
0.5581764
0.5578513
0.5574511
0.5573574
0.55925065
0.5581612
0.5585824
0.558268
0.5573576
0.5648801
0.560244
0.5576749
0.5577196
0.55728924
0.5593348
0.55800444
0.5587196
0.55907065
0.5576496
0.5580304
0.55776054
0.5583094
0.5571609
0.557649
0.55773365
0.55770725
0.5581143
0.55776525
0.5579409
0.5574303
0.5592025
0.55895
0.55770177
0.5586262
0.55880916
0.5603783
0.5592814
0.55877435
0.5578387
0.55709016
0.5575872
0.56065065
0.55947715
0.5577863
0.5575825
0.5573322
0.55777967
0.5586036
0.55773884
0.55787563
0.557029
0.558246
0.5579554
0.55714536
0.5575399
0.5573427
0.5571395
0.5576596
0.5583739
0.5578049
0.5597824
0.5575862
0.55740947
0.55763173
0.5578419
0.55970097
0.5574856
0.55881494
0.5577138
0.55819625
0.55834806
0.55764306
0.55843645
0.5581184
0.5573268
0.5570307
0.5611076
0.55995065
0.56076705
0.5575838
0.5580852
0.55775523
0.55748147
0.55800277
0.55785686
0.55812365
0.5578071
0.5584894
0.5597985
0.55832946
0.5582359
0.5575605
0.56104374
0.5582159
0.5582238
0.55888116
0.55777586
0.5575636
0.5571555
0.56012523
0.5582923
0.55789286
0.55849445
0.5579624
0.557248
0.5582929
0.5581303
0.5577235
0.55816734
0.55855656
0.55954427
0.5580028
0.5568946
0.5577824
0.55764234
0.5577865
0.55763113
0.55819356
0.55817264
0.55936056
0.55773497
0.5603737
0.55761725
0.5593755
0.5576397
0.55721337
0.56025946
0.5600222
0.5591789
0.5586042
0.55950254
0.558071
0.557544
0.56098664
0.55820376
0.558065
0.5576041
0.55878276
0.5579994
0.55877316
0.55805236
0.55804694
0.55844
0.5571552
0.55732924
0.5577033
0.5607497
0.55775464
0.55745167
0.5578425
0.558794
0.55723435
0.55913484
0.55757445
0.5588272
0.5581081
0.5571285
0.55790764
0.5601351
0.5584237
0.5586097
0.5579745
0.5594154
0.5576326
0.5586912
0.55921155
0.558143
0.5574607
0.5575678
0.56106627
0.5575584
0.55907196
0.55819637
0.55724454
0.5579445
0.55913293
0.5574103
0.5595552
0.5576589
0.55784124
0.5610923
0.5578102
0.55782384
0.55835426
0.558189
0.5573892
0.5581595
0.5579942
0.5578404
0.55775905
0.5577323
0.55734414
0.559951
0.5583141
0.55847466
0.55755043
0.5581744
0.5569895
0.5576399
0.5593494
0.5578688
0.55726355
0.5571555
0.55756265
0.5622927
0.55811137
0.55832094
0.55754536
0.55786437
0.5573264
0.55775964
0.557249
0.55808944
0.5583405
0.557584
0.5591111
0.5585338
0.5580137
0.55872464
0.5589345
0.5592487
0.5574714
0.5580484
0.55819845
0.55893004
0.5589367
0.5578486
0.5576352
0.55816835
0.55765665
0.55725163
0.55937356
0.5598498
0.5573769
0.55876786
0.55928886
0.55890036
0.55892444
0.55789596
0.5588305
0.5570422
0.55871284
0.5583318
0.55853903
0.5575401
0.5583438
0.5575289
0.5569522
0.5567575
0.5575628
0.55933815
0.55734104
0.5570713
0.55751806
0.55817586
0.55776185
0.5582982
0.5576875
0.5589975
0.5577267
0.5576153
0.5574682
0.55756325
0.5576363
0.5582449
0.55736095
0.5582664
0.5582308
0.558013
0.55763334
0.5571309
0.56001836
0.55765516
0.5584333
0.5583108
0.5604176
0.55838054
0.5580348
0.5577175
0.55817795
0.5585494
0.55797553
0.55740577
0.5575862
0.5573348
0.5572731
0.5594312
0.5574257
0.5591958
0.5588195
0.5604955
0.5589138
0.557827
0.5584517
0.55839616
0.5573829
0.55801105
0.559353
0.5578651
0.5576626
0.5577587
0.55882055
0.5576233
0.5598198
0.5608118
0.5580162
0.55817014
0.5588015
0.55755186
0.5580722
0.55738133
0.55863124
0.55738634
0.55854076
0.5590322
0.55824566
0.55723464
0.5569357
0.5590573
0.5580322
0.5572323
0.5593116
0.55721086
0.55775434
0.55889964
0.5588562
0.558024
0.55734974
0.56012523
0.55857974
0.55847335
0.5574748
0.5579559
0.5585645
0.5587644
0.55849147
0.55739295
0.55864805
0.55754685
0.55839074
0.5575279
0.5603567
0.5584962
0.55792826
0.55722636
0.5583753
0.5576004
0.55733275
0.55729496
0.5580982
0.55949086
0.5586471
0.558506
0.5594565
0.557489
0.5584314
0.5592534
0.557531
0.55813456
0.5585145
0.55728686
0.55731285
0.55832136
0.56454813
0.5616673
0.55808896
0.557558
0.5579339
0.5577835
0.5577352
0.5576153
0.5580953
0.55773497
0.5578028
0.5581063
0.55826384
0.55844873
0.5572072
0.5584796
0.55824286
0.5578302
0.5575278
0.5570954
0.55729526
0.55812067
0.55766577
0.55709046
0.55679166
0.5571577
0.5596059
0.5579496
0.5605839
0.5598455
0.5574487
0.55775076
0.5591304
0.55858636
0.55920297
0.5646355
0.5576975
0.5577538
0.55734634
0.5582364
0.5567037
0.55716866
0.5588521
0.5575412
0.5581892
0.5592597
0.5573436
0.5569184
0.5582228
0.55841684
0.5577058
0.558678
0.560633
0.557449
0.5575127
0.55817676
0.55735594
0.559095
0.5583058
0.5579258
0.5581789
0.5583568
0.5588943
0.55814207
0.558768
0.55825037
0.5580453
0.55779606
0.5608368
0.55828273
0.5575546
0.5591087
0.5591778
0.5588361
0.55848426
0.5620932
0.5581962
0.5581204
0.5587075
0.55779123
0.5602054
0.5578937
0.55878294
0.56124914
0.5617122
0.55917525
0.55809265
0.5608585
0.5604639
0.55942994
0.55988044
0.5581467
0.5577339
0.56015724
0.5582208
0.558352
0.5575558
0.55969584
0.5583986
0.55833244
0.56129926
0.55914414
0.5578037
0.5587053
0.5592392
0.5577472
0.5577879
0.558126
0.55830365
0.5580048
0.5578218
0.55806357
0.5583272
0.5587968
0.5580299
0.5578897
0.557979
0.5582386
0.5581558
0.5579266
0.5582221
0.55741686
0.55940115
0.557183
0.5588101
0.55765945
0.5572959
0.56010044
0.5570686
0.5583983
0.5574221
0.55822355
0.5595159
0.5570729
0.5569407
0.5581687
0.55674267
0.5603473
0.5574404
0.5577341
0.5575134
0.55780435
0.5575192
0.55758893
0.5572547
0.5588777
0.5568902
0.55780387
0.5569887
0.55807936
0.5568709
0.557307
0.55755186
0.5579556
0.5580026
0.5591658
0.5583974
0.557476
0.5585414
0.5580396
0.5586038
0.5590186
0.557276
0.5584231
0.55778265
0.56303275
0.5589485
0.5573699
0.5586377
0.55735433
0.5572141
0.5580383
0.55772084
0.55729914
0.55719703
0.5573596
0.5608209
0.5601125
0.5600942
0.5571365
0.557973
0.557581
0.5572514
0.5567222
0.55776983
0.5577865
0.5588366
0.55925596
0.5577432
0.55821157
0.55917436
0.55915564
0.55891573
0.55782855
0.55852497
0.5612268
0.5590577
0.5579152
0.55789584
0.5576373
0.55854505
0.55952454
0.5582116
0.5603448
0.5578251
0.55753577
0.5579194
0.56104577
0.5581869
0.55819017
0.5577243
0.5582004
0.5575628
0.558739
0.557769
0.5589075
0.5576938
0.55802727
0.55732995
0.5578601
0.55752444
0.5572655
0.5574561
0.55778474
0.55827194
0.5584791
0.5581106
0.5573802
0.5573586
0.5571861
0.55736953
0.5579372
0.5572959
0.55747557
0.55744904
0.55814534
0.5583324
0.5573577
0.55786735
0.55862015
0.5583782
0.55838853
0.5577073
0.559484
0.55819374
0.5594835
0.55784297
0.5575519
0.55909973
0.55963224
0.55959284
0.56137574
0.55861187
0.55755854
0.5575259
0.55925125
0.5570115
0.55747247
0.55755854
0.557934
0.5579673
0.55745405
0.5573594
0.55875736
0.55790406
0.55922264
0.5574246
0.5581318
0.55858463
0.55756587
0.55931354
0.5581891
0.5589984
0.55721647
0.56151086
0.5569643
0.5567867
0.55784255
0.5573108
0.5584435
0.5576223
0.5596361
0.5577927
0.5595834
0.55770856
0.55875015
0.5592779
0.55794704
0.56007504
0.557397
0.5569268
0.5572339
0.5576693
0.5578813
0.5574865
0.55746555
0.5590597
0.5590211
0.560306
0.5578008
0.55816096
0.55755335
0.5575675
0.5578939
0.5572253
0.55710423
0.5593008
0.5571931
0.55730397
0.55908525
0.55796707
0.55751646
0.55780375
0.5590155
0.5582901
0.55689627
0.5567571
0.55782527
0.5574576
0.5582048
0.5581305
0.5573544
0.5570387
0.5566286
0.5584928
0.55780613
0.557863
0.55798846
0.55782473
0.5580503
0.558054
0.5589763
0.55825895
0.5583654
0.55926704
0.5578653
0.5580226
0.55740094
0.55741227
0.5588207
0.55855465
0.559013
0.557739
0.5588084
0.55799514
0.55917275
0.5598043
0.5592864
0.5574949
0.55718654
0.56152666
0.5575106
0.557825
0.5574686
0.557437
0.5577655
0.5586154
0.55798376
0.5593569
0.5598374
0.55802464
0.5574003
0.5577416
0.5577781
0.55949533
0.5583507
0.5582765
0.55737674
0.55747235
0.5586924
0.5585637
0.5585573
0.557571
0.55732113
0.5595887
0.55861384
0.5590227
0.5589636
0.55788034
0.56023145
0.55844533
0.5578673
0.56042176
0.55773675
0.55768836
0.5584618
0.5589749
0.56065184
0.55945575
0.55838966
0.55780745
0.55851096
0.55759215
0.5579774
0.5587139
0.5594935
0.5578898
0.56081635
0.55835646
0.5603729
0.5579118
0.5593346
0.55724776
0.55801344
0.55816036
0.55863523
0.5591526
0.55755794
0.55814403
0.55782914
0.55764717
0.55840224
0.5593982
0.55868345
0.5583354
0.55900455
0.5585297
0.5609476
0.55893904
0.55923444
0.55795395
0.5618321
0.5580098
0.5593981
0.5576301
0.55784076
0.55825895
0.5597028
0.55901754
0.5585673
0.5592459
0.5603661
0.5586176
0.55746424
0.55825895
0.55768925
0.55775213
0.5600358
0.5579862
0.5623247
0.5586929
0.56095755
0.55950403
0.5574119
0.55830115
0.5585328
0.5585532
0.5581096
0.5579233
0.55975187
0.55873984
0.55862427
0.55755544
0.5578643
0.5590477
0.55748284
0.5576992
0.5574347
0.5582426
0.5573263
0.5572307
0.5580886
0.55817693
0.5576588
0.5585955
0.55829865
0.55826944
0.55746883
0.5597197
0.558531
0.56031436
0.5610449
0.55945563
0.55829906
0.5600148
0.55954957
0.55777586
0.5579884
0.558797
0.55869097
0.55935156
0.56024384
0.558234
0.5574978
0.56009775
0.55974597
0.5600239
0.5609616
0.5607543
0.56001985
0.5607932
0.560837
0.56040186
0.5601856
0.5595872
0.56090665
0.55877745
0.55756116
0.5590313
0.558141
0.5590049
0.5574102
0.5578603
0.55755115
0.55751926
0.56156677
0.5580756
0.5595362
0.5586917
0.5579565
0.5583221
0.55825
0.5581046
0.557292
0.55819076
0.5577945
0.5602871
0.559445
0.55908155
0.5573811
0.5596639
0.55933464
0.55802655
0.5581782
0.5577208
0.5584371
0.5606626
0.55820453
0.5582077
0.5605582
0.56015825
0.55936897
0.55929995
0.5579257
0.55718374
0.5589787
0.55887663
0.5599003
0.558102
0.5578042
0.5581769
0.5586072
0.5602921
0.560685
0.5578939
0.5574177
0.5593818
0.5584237
0.55795014
0.5591348
0.5570387
0.5585902
0.5604305
0.55790865
0.55931294
0.55828667
0.55887157
0.55753666
0.5573259
0.5572624
0.5579051
0.55864793
0.5576269
0.56055045
0.5576369
0.5577756
0.5602834
0.5578259
0.5579925
0.5591107
0.5581644
0.55870867
0.5585151
0.56121814
0.5577387
0.5577518
0.558181
0.557593
0.55891055
0.5581871
0.5572283
0.55819046
0.5585086
0.5593859
0.55876386
0.5584818
0.5585679
0.5606854
0.5572583
0.5572853
0.56143
0.5577368
0.55888027
0.55821395
0.5597007
0.55848515
0.55769616
0.5587143
0.5579462
0.5573946
0.55763364
0.5577558
0.5581695
0.56013745
0.55730844
0.5578207
0.5578249
0.55827117
0.5582386
0.5577372
0.557921
0.560655
0.5579851
0.5596389
0.5573797
0.55803233
0.5584496
0.5579853
0.55784935
0.55815923
0.55813444
0.557587
0.55813193
0.5586541
0.55809474
0.56025326
0.55873907
0.5599272
0.55708593
0.5578546
0.5577506
0.5583009
0.5582196
0.55803627
0.5573464
