0.62242454
0.6076971
0.5813273
0.57926947
0.5815798
0.57758224
0.5687479
0.5809424
0.58905154
0.5805611
0.5727973
0.5634294
0.55880433
0.5683595
0.56146216
0.57082194
0.5629559
0.588867
0.5700155
0.5444062
0.5621105
0.5318968
0.545944
0.53651226
0.52743995
0.51766425
0.5253814
0.51484436
0.50753695
0.5196677
0.50910854
0.53394544
0.5035295
0.5045336
0.51647913
0.49553293
0.49483255
0.49046957
0.4964779
0.4855441
0.48257005
0.4904244
0.47756615
0.47248042
0.47658387
0.4818158
0.46685085
0.466643
0.47091854
0.4722989
0.46399546
0.46447027
0.4591022
0.45347613
0.44985366
0.47754097
0.45641747
0.44811547
0.44815633
0.44298166
0.44992682
0.4419756
0.4519697
0.44976142
0.43693173
0.43506318
0.43374014
0.43834454
0.43688035
0.44990158
0.43443558
0.4385373
0.4264249
0.44175154
0.42999652
0.41604304
0.42457956
0.42638612
0.42558128
0.4166734
0.41811073
0.41785222
0.41394284
0.41843402
0.4167784
0.4158878
0.40823355
0.41294083
0.40456548
0.4091514
0.40867066
0.41348
0.40422204
0.4093087
0.40038154
0.40306476
0.3966652
0.3991621
0.39882302
0.40606695
0.40266562
0.399993
0.3931988
0.40787414
0.40660468
0.39421272
0.39640513
0.39949697
0.39725184
0.3882575
0.39296132
0.3899293
0.38556218
0.39298588
0.39244395
0.39579833
0.38844153
0.39048463
0.39044288
0.38348493
0.3953883
0.39053574
0.38537547
0.3857965
0.3908067
0.38980186
0.3854463
0.3857223
0.3776354
0.38705242
0.38510758
0.41562045
0.38053882
0.38371968
0.38570616
0.38464066
0.37828234
0.38092676
0.3822874
0.383021
0.38164937
0.38278946
0.37594676
0.38285053
0.38402334
0.3867827
0.38905972
0.3949031
0.3780138
0.37887424
0.38995433
0.37496138
0.37988976
0.38049713
0.38523114
0.3750835
0.37400842
0.37177885
0.3780784
0.37289846
0.39870855
0.37981695
0.38656494
0.3763918
0.37383732
0.38585427
0.37651736
0.38086092
0.3799393
0.38821086
0.3790555
0.3747244
0.3709965
0.38356435
0.37325403
0.3757108
0.37991422
0.3718965
0.37318406
0.38356793
0.37141144
0.37327966
0.37617403
0.37506562
0.3737594
0.38883802
0.3749592
0.3704459
0.36865842
0.3697239
0.3715778
0.37590718
0.37189817
0.3785447
0.3730938
0.37420094
0.37821728
0.37065217
0.3753107
0.3747834
0.36971736
0.37088576
0.37315536
0.37354428
0.3739791
0.3687814
0.3703031
0.37366387
0.37669963
0.37297395
0.3694783
0.37737244
0.36808535
0.37316594
0.3728089
0.3735232
0.36922222
0.3720061
0.37125888
0.37614965
0.36668605
0.37310436
0.37780103
0.37704057
0.3687513
0.370529
0.36863223
0.36634788
0.37194613
0.36667565
0.36594865
0.37010738
0.3742134
0.36715966
0.37125933
0.36890292
0.37401053
0.3725686
0.36848313
0.36720926
0.37096468
0.369332
0.36782843
0.36775252
0.36472297
0.36519247
0.37067485
0.3684148
0.37759128
0.36720347
0.37589794
0.37217388
0.36751324
0.37547916
0.36820364
0.3696022
0.37673917
0.370478
0.37206128
0.36760035
0.3678881
0.36110392
0.36977056
0.36480677
0.36457327
0.37272704
0.3769718
0.37024307
0.36734936
0.3767298
0.36693156
0.3749888
0.37032
0.36937058
0.3669691
0.36384058
0.36949706
0.37018326
0.36929184
0.37066185
0.36831826
0.36766702
0.36912647
0.3625254
0.3712318
0.3794551
0.37095258
0.3677817
0.3726366
0.3721019
0.37255308
0.3666233
0.36674008
0.3700375
0.36828902
0.37543303
0.3697615
0.36469513
0.37181628
0.36831695
0.37150878
0.3693183
0.36584914
0.3756947
0.36839753
0.37419546
0.36694285
0.37000468
0.36745107
0.37335953
0.36373055
0.36589018
0.37162313
0.3801294
0.37118998
0.36909142
0.37342516
0.37036178
0.35971472
0.36945745
0.36856222
0.36843398
0.36677822
0.3685605
0.36859113
0.3686763
0.3751723
0.3690022
0.364952
0.37238303
0.36628038
0.3681775
0.36931154
0.3739239
0.36681145
0.37015817
0.36754796
0.3686308
0.3683126
0.36942005
0.37079564
0.37039164
0.36614594
0.37000376
0.36316827
0.36509436
0.3690164
0.3704505
0.36861384
0.36458075
0.371834
0.36613458
0.37102807
0.3654047
0.37085918
0.3656946
0.36806366
0.37110567
0.37010688
0.3670827
0.3685174
0.37032863
0.36825734
0.37272102
0.3650735
0.36873075
0.37148735
0.36739445
0.3712342
0.3736267
0.36881825
0.3720573
0.3743112
0.37095496
0.37341082
0.3669999
0.37231478
0.37296927
0.37191632
0.36604565
0.36785212
0.36399382
0.36400512
0.36404666
0.36812952
0.36830413
0.3762627
0.37362316
0.3711238
0.36867297
0.37384036
0.36783108
0.3697453
0.37380594
0.366858
0.37033758
0.3672304
0.37236527
0.3708504
0.3718119
0.36824316
0.3722741
0.3689533
0.36750072
0.3666477
0.36858928
0.37089464
0.36950338
0.37424552
0.37199807
0.37687403
0.3734381
0.3717308
0.37227196
0.36971384
0.37240192
0.36788648
0.36920047
0.37002128
0.36825296
0.37456244
0.3730257
0.37721896
0.37024423
0.37232023
0.36570764
0.37260005
0.36869803
0.3719501
0.36863622
0.37622586
0.3721544
0.36884433
0.36793458
0.37253597
0.37368712
0.37232527
0.37387383
0.38076437
0.37051925
0.3749908
0.3731988
0.37592924
0.37720403
0.37600535
0.3761586
0.3749946
0.37086692
0.3749887
0.37010747
0.37393364
0.3775883
0.37678522
0.37701875
0.37206423
0.37570104
0.3711061
0.37171602
0.37472004
0.37279716
0.3717345
0.37154323
0.370664
0.36739016
0.37265065
0.36719203
0.37189177
0.36620876
0.37398487
0.37105703
0.3769104
0.3720601
0.37319058
0.3746965
0.374154
0.3739437
0.3756233
0.36826327
0.37335145
0.36793157
0.371088
0.3706731
0.370943
0.37458628
0.3733208
0.37370637
0.3760141
0.3798391
0.37415454
0.36901733
0.37415203
0.383302
0.3725193
0.37115794
0.37445423
0.3713712
0.3760069
0.36959088
0.38200608
0.3747188
0.37736133
0.37157536
0.3804148
0.37576267
0.36953568
0.37247163
0.3745026
0.3773407
0.3738578
0.3714847
0.3766259
0.37850395
0.3762964
0.36979568
0.3778188
0.37814844
0.3728661
0.3736098
0.3741364
0.37771347
0.3757429
0.3690924
0.37051156
0.3660597
0.37429726
0.37049443
0.37569684
0.36542135
0.37308246
0.3694604
0.37528992
0.369623
0.37251222
0.37145808
0.376526
0.37548524
0.37311387
0.37384665
0.37882516
0.38065055
0.37616044
0.37259918
0.370283
0.37094143
0.37403828
0.3724707
0.37571022
0.36982906
0.37563202
0.37881443
0.3772006
0.3771904
0.37618557
0.37507477
0.37508214
0.3770718
0.37563
0.3788296
0.38166174
0.37644187
0.37349883
0.3802223
0.37425599
0.378368
0.37772724
0.37499017
0.3720425
0.37347803
0.37321517
0.3744669
0.37046614
0.37733263
0.3747196
0.37598997
0.37437266
0.36680102
0.37042004
0.3733038
0.36951798
0.36743024
0.37400436
0.37264416
0.3788992
0.37414232
0.37239894
0.37078103
0.3710706
0.37337646
0.37565598
0.3692988
0.3760562
0.36965233
0.37493938
0.37904295
0.37030268
0.375953
0.3739336
0.37300268
0.37333077
0.37533206
0.37758088
0.3690523
0.37535787
0.37198624
0.37359244
0.3834098
0.37412408
0.3734751
0.37622282
0.37754896
0.37271637
0.37409776
0.38380876
0.37567663
0.37502474
0.3736065
0.3782094
0.37412965
0.37536302
0.37657267
0.37554935
0.36882466
0.38081887
0.3745852
0.37695312
0.37632897
0.37079597
0.37526694
0.37645006
0.37832406
0.37153038
0.37494737
0.3759386
0.37450916
0.3744892
0.37604624
0.37086648
0.3750084
0.37080598
0.3723165
0.37856543
0.37377957
0.37203652
0.3774238
0.3760359
0.36908102
0.38083932
0.3795986
0.37107378
0.3702386
0.37183574
0.37400684
0.37501
0.37834868
0.374418
0.37540153
0.37518573
0.37759295
0.37216133
0.37195954
0.37232155
0.3789648
0.3754219
0.374311
0.37659857
0.37773278
0.37744635
0.37383702
0.37454906
0.37131438
0.37296492
0.37613577
0.37112594
0.38124982
0.3705
0.3769644
0.3745048
0.37306812
0.37658197
0.375216
0.3690237
0.3771899
0.3750033
0.37466812
0.37302718
0.37401623
0.380158
0.38534135
0.3727627
0.37705192
0.38407612
0.37208018
0.37923592
0.37946835
0.37969205
0.3750157
0.37490177
0.3807524
0.38068265
0.38085678
0.37355667
0.3767532
0.3754236
0.38118568
0.38170883
0.3842593
0.38111445
0.37952155
0.37581363
0.3785172
0.38250422
0.38493764
0.37761846
0.38047975
0.37836578
0.38627893
0.3791544
0.37850162
0.3713119
0.37709555
0.37597325
0.37963048
0.37931207
0.37419534
0.38068157
0.3741031
0.37810737
0.3759854
0.37508205
0.37751725
0.38036767
0.37798235
0.37861595
0.3761678
0.37507066
0.3732699
0.37509295
0.38305107
0.3842896
0.3788439
0.37696344
0.37923223
0.37734973
0.377183
0.38000694
0.3738776
0.38218275
0.37642777
0.38060987
0.37572056
0.3820646
0.38017222
0.37924993
0.3776905
0.38253254
0.37252074
0.3776402
0.384534
0.37880415
0.3793757
0.37701714
0.36806652
0.37610626
0.37728983
0.37634975
0.3805137
0.37230393
0.38065788
0.37422404
0.37094542
0.37397817
0.38034046
0.37790686
0.37798208
0.37830716
0.37122285
0.37899387
0.37718087
0.38408545
0.37967947
0.3807019
0.3765893
0.37799206
0.38075137
0.37551892
0.44975156
0.3811377
0.38316005
0.3807944
0.37863994
0.37905696
0.37206516
0.3766841
0.37730092
0.38977918
0.38100022
0.37616032
0.3801189
0.3761051
0.3787045
0.37610158
0.38033658
0.38274106
0.38212663
0.3798241
0.38046676
0.37845266
0.38466203
0.38194206
0.3798985
0.38001975
0.38075832
0.37894478
0.38362876
0.37194097
0.37889588
0.3857623
0.38542798
0.37857962
0.37883443
0.38161525
0.3783442
0.379992
0.38264626
0.37001336
0.38048354
0.3768834
0.38084483
0.37845168
0.38401425
0.3821805
0.3798771
0.38080585
0.38281053
0.3828764
0.37502888
0.37920326
0.37905097
0.38033637
0.37725198
0.37514725
0.37979403
0.38130647
0.38413808
0.37588966
0.38341308
0.3817134
0.38736925
0.37981895
0.38522765
0.3843331
0.38159314
0.3806691
0.38639724
0.38331845
0.3823118
0.38729006
0.3777975
0.3815462
0.38038945
0.37697
0.3735483
0.38306412
0.3780917
0.3776549
0.3758477
0.37925515
0.38123584
0.38339233
0.38848382
0.3764208
0.38433883
0.3806527
0.38272998
0.3850014
0.37679517
0.37584174
0.38175774
0.3780863
0.38834068
0.38156915
0.37788096
0.38322943
0.38079923
0.37552524
0.37749735
0.37738228
0.37627265
0.37809545
0.38055128
0.3807273
0.38141122
0.38412723
0.38026398
0.38224488
0.38776296
0.3773953
0.3873716
0.37893766
0.37989202
0.3781702
0.38570756
0.38265514
0.38305598
0.38411647
0.3848628
0.37687632
0.37846398
0.37830126
0.37951893
0.38239557
0.38369045
0.38285986
0.38023657
0.37964156
0.3844018
0.38020796
0.38093704
0.3802694
0.38234213
0.37774563
0.38025212
0.38363695
0.38045138
0.37685746
0.38296768
0.3813724
0.37774396
0.38142663
0.37701577
0.38736773
0.38627097
0.378661
0.37891644
0.38908112
0.38007087
0.37838727
0.383637
0.3783028
0.37760997
0.3805265
0.38163012
0.37522382
0.3805578
0.3796448
0.3799531
0.37917665
0.38125822
0.38063958
0.38063428
0.38207367
0.38009527
0.37911096
0.37824044
0.38734505
0.37973788
0.38241875
0.3760586
0.37909684
0.38006172
0.37829274
0.37656316
0.38423464
0.3850961
0.38703528
0.37918845
0.37975731
0.38006842
0.38294566
0.38484907
0.3878934
0.38446906
0.3878988
0.38094434
0.38473374
0.38262662
0.38068986
0.38030615
0.383716
0.38620183
0.38313583
0.3883254
0.38480535
0.3757946
0.3769578
0.38187334
0.38180926
0.38645115
0.38485447
0.38641942
0.38963443
0.3846079
0.37986937
0.4313701
0.37569654
0.37867877
0.38338163
0.37820348
0.37952936
0.37472445
0.37937352
0.38052115
0.38307804
0.38539043
0.38542554
0.38467267
0.37919348
0.3822677
0.37329495
0.37734133
0.3823364
0.3809157
0.3889398
0.38226086
0.3888847
0.38295653
0.38281292
0.38281026
0.38321653
0.38371572
0.37802613
0.3821222
0.3840776
0.38025987
0.38880602
0.39332038
0.38400003
0.3913979
0.38620278
0.38958406
0.38745296
0.3828355
0.39029452
0.38469815
0.3827699
0.39094824
0.38971597
0.38598794
0.38828424
0.38630578
0.3816865
0.38202253
0.38311285
0.3800186
0.38825008
0.3860656
0.38222146
0.39168078
0.39066473
0.38765705
0.38618392
0.39092022
0.38510594
0.38586095
0.38293502
0.38971072
0.3864971
0.38739064
0.38127702
0.38547152
0.39403105
0.3881786
0.3843295
0.3815102
0.38745067
0.38046607
0.3816678
0.3842082
0.38467002
0.38302305
0.3870352
0.3866796
0.38419518
0.38566035
0.38587746
0.38399133
0.3867675
0.39271313
0.38606834
0.38248363
0.3860059
0.3845264
0.3894159
0.38343057
0.38833272
0.38582385
0.38577566
0.3878814
0.39399895
0.38803124
0.38224182
0.38146546
0.38165674
0.3828361
0.38314095
0.3894927
0.38085642
0.3905873
0.38247126
0.3811424
0.38782617
0.38017756
0.3850137
0.38520816
0.38752097
0.38498497
0.38226846
0.3853157
0.38291165
0.38395193
0.3874444
0.38861904
0.3868206
0.39209306
0.37737724
0.39088926
0.38421854
0.38347593
0.39346924
0.38470784
0.38858384
0.38616672
0.38607985
0.38286546
0.38149503
0.38311738
0.38021055
0.3883312
0.38429078
0.3844688
0.38424698
0.37739775
0.3775053
0.38723195
0.3846597
0.38769874
0.38433108
0.39070812
0.38046655
0.3810541
0.38077667
0.38904807
0.38327125
0.38678682
0.3907045
0.39227167
0.38666448
0.39230382
0.38876927
0.38821706
0.39155388
0.38622928
0.38941857
0.38231504
0.38690367
0.3889005
0.38644505
0.39522168
0.38671046
0.38681808
0.39395642
0.38519138
0.38462108
0.38015807
0.38471538
0.38576397
0.39027604
0.3877145
0.3866417
0.38505694
0.38419688
0.38302258
0.3868788
0.38593984
0.3857601
0.3845589
0.3858021
0.38805485
0.38344112
0.3937347
0.4026545
0.38669652
0.3857723
0.38857123
0.3879013
0.3859391
0.39140937
0.38573152
0.39130625
0.38719964
0.38261306
0.3889441
0.38887715
0.3874083
0.38454038
0.38815022
0.40073514
0.3862787
0.3809916
0.38512728
0.3900422
0.3850608
0.38975123
0.38841954
0.38438874
0.39085767
0.38962302
0.39312452
0.3848134
0.39412022
0.38600037
0.38526633
0.38557315
0.38616365
0.38327852
0.38719878
0.3915233
0.38594806
0.38796958
0.38283953
0.38246867
0.38087705
0.38740158
0.39062205
0.38892892
0.38382056
0.38535735
0.39139497
0.3901163
0.38357225
0.38364768
0.3849216
0.3901767
0.38335282
0.38361052
0.3880128
0.38380596
0.3869788
0.381116
0.38903767
0.38529357
0.39488164
0.39105278
0.38419542
0.39257738
0.38981402
0.38014847
0.3844161
0.3921815
0.3870384
0.386031
0.3907696
0.38221005
0.38615867
0.39058316
0.37692156
0.38986072
0.38420272
0.38333148
0.38138798
0.38395315
0.39051414
0.38528132
0.389428
0.386641
0.3854605
0.37954202
0.3922378
0.38833594
0.39171192
0.3875699
0.3818986
0.38921338
0.3937936
0.39231554
0.38126305
0.38406312
0.38484642
0.39267814
0.38734955
0.39015567
0.39146683
0.38138244
0.38561222
0.39221054
0.38704604
0.3842553
0.38646582
0.38704604
0.3861131
0.38365647
0.39362344
0.38442346
0.38816136
0.39811465
0.38583782
0.38796055
0.38350675
0.3840369
0.38869214
0.38855648
0.395475
0.3864747
0.39037618
0.38805437
0.3909633
0.38615268
0.39037383
0.38593167
0.38362005
0.38479015
0.39131826
0.39298436
0.38864982
0.38446084
0.39171675
0.38723254
0.3874694
0.3853558
0.386515
0.3959509
0.3920071
0.3865663
0.39456066
0.3959013
0.39161727
0.39010692
0.38861024
0.39378121
0.3889244
0.38768363
0.38602266
0.38849708
0.3877989
0.38917822
0.39285496
0.393873
0.38767695
0.38806412
0.38763323
0.38777742
0.3858358
0.39098728
0.39190173
0.38470712
0.39412132
0.38698056
0.3861634
0.39354098
0.40082675
0.39138272
0.39914674
0.38659686
0.39599642
0.39139095
0.39152145
0.38792974
0.38791862
0.38943616
0.3927551
0.40708008
0.39881566
0.3915301
0.39627713
0.3958577
0.3867138
0.3821811
0.39526543
0.39495975
0.38994548
0.39477405
0.3870343
0.38926345
0.38832283
0.3870723
0.38798088
0.39707986
0.3907282
0.39608717
0.38913453
0.38842133
0.3928617
0.38609552
0.38523832
0.39421943
0.39300874
0.39450216
0.38794297
0.3929175
0.39152944
0.40201893
0.39151126
0.39388388
0.39249477
0.38140985
0.38783845
0.38665602
0.3903326
0.39199224
0.40006578
0.39995486
0.39309758
0.39471573
0.39490825
0.39386728
0.40019405
0.39440617
0.3903743
0.38305956
0.3869884
0.39206445
0.3888286
0.38385782
0.39588255
0.38768086
0.39090085
0.38846207
0.39550295
0.38941905
0.38811693
0.38593978
0.3884088
0.38868847
0.38464078
0.38860312
0.38711953
0.3888938
0.38657168
0.39123902
0.38734868
0.38557875
0.39083654
0.3914328
0.38920644
0.39089298
0.38962278
0.39947757
0.3863017
0.394129
0.39076436
0.38993013
0.39046955
0.39160797
0.3843842
0.38681227
0.39250752
0.38642034
0.39464176
0.39239252
0.38748378
0.39351174
0.3923857
0.39102885
0.3887114
0.39124888
0.40307376
0.39007115
0.38645938
0.38737354
0.386918
0.39701957
0.38684735
0.3925108
0.39662814
0.3918478
0.39029244
0.38997394
0.39495185
0.3899913
0.38989624
0.38614768
0.39272103
0.38783073
0.39082
0.39295375
0.38937047
0.38579896
0.39280757
0.39360243
0.39256662
0.39689773
0.38684818
0.3906857
0.39561155
0.38790223
0.390792
0.3924962
0.39233893
0.38759664
0.39840192
0.38854378
0.39180422
0.3920688
0.38889784
0.39396733
0.39608958
0.39392877
0.39334515
0.3902562
0.3957195
0.39151058
0.39340913
0.40075237
0.39388898
0.3897546
0.3930047
0.39326888
0.3944715
0.38810742
0.39691466
0.38957897
0.3899316
0.3890345
0.3930322
0.38614362
0.38761514
0.3907831
0.3912653
0.39461106
0.38695282
0.3904872
0.4036208
0.39800978
0.39425293
0.3930144
0.39581177
0.4001958
0.39512113
0.39468417
0.39478546
0.39587325
0.3952977
0.39466214
0.38886836
0.39847898
0.39099956
0.39187738
0.3963473
0.39362288
0.38742873
0.39047724
0.3964845
0.39695886
0.39714926
0.39203727
0.393575
0.39371264
0.39294553
0.38807765
0.39638785
0.39056093
0.38684335
0.389678
0.40284044
0.40022498
0.39705667
0.39710745
0.40116522
0.39570436
0.38533044
0.3923153
0.39542687
0.3920444
0.39005485
0.39683774
0.38832647
0.39366025
0.39683482
0.39444646
0.39330438
0.39219654
0.39178765
0.39260533
0.39348346
0.38792884
0.39524564
0.39315355
0.39850336
0.3867123
0.39522862
0.39129835
0.3905695
0.39024144
0.39989305
0.3925301
0.39387012
0.3966818
0.39061216
0.39185664
0.39080587
0.38814598
0.3952121
0.3904814
0.39930397
0.38697913
0.38948777
0.39300045
0.393519
0.39038557
0.39454702
0.3851473
0.39228284
0.39867452
0.39224458
0.40011704
0.38851276
0.38660228
0.3936757
0.38840443
0.39735934
0.39131257
0.39088926
0.39750984
0.39125875
0.39054027
0.39322507
0.38864067
0.38739178
0.39100665
0.39656854
0.38701972
0.3887002
0.39562508
0.39156398
0.4014781
0.38953945
0.3922352
0.4009901
0.39386806
0.39092603
0.39412606
0.39285308
0.38687518
0.38797128
0.39057076
0.40068176
0.3932164
0.39878616
0.39969304
0.3956576
0.39783505
0.38899687
0.39070117
0.39552906
0.39731005
0.39117256
0.39125174
0.4103034
0.39876068
0.39302695
0.39826074
0.3919934
0.39232433
0.3937414
0.3957287
0.3974645
0.40345594
0.3975416
0.39594084
0.3971779
0.38985234
0.39602733
0.39558026
0.3966245
0.39793888
0.4004713
0.39681134
0.39461187
0.3928537
0.39252
0.39828992
0.39055312
0.39103052
0.3955254
0.39873895
0.387203
0.4001048
0.3889189
0.39793658
0.394089
0.3960701
0.39566112
0.38655242
0.39317825
0.3960573
0.39338914
0.38679394
0.39008754
0.39390787
0.40095377
0.3913757
0.3877897
0.39308444
0.3981993
0.39425212
0.39747503
0.38718268
0.3933003
0.39393196
0.39868957
0.40025252
0.39466575
0.395353
0.3916279
0.39405918
0.39624617
0.38844046
0.39833567
0.39707872
0.39477223
0.39892668
0.39623716
0.3901601
0.39768
0.39159718
0.39195427
0.39311963
0.38666993
0.39300627
0.399913
0.39101702
0.39706668
0.39026845
0.40982834
0.3942003
0.38867414
0.39124247
0.3943869
0.39389917
0.39014286
0.3875824
0.39488128
0.39136496
0.39264736
0.39447448
0.40817872
0.39709976
0.39245
0.39002207
0.3966661
0.39440113
0.39883393
0.39695212
0.3869205
0.39397883
0.39802754
0.3912635
0.39356703
0.39601088
0.3891343
0.3964146
0.39359316
0.39854458
0.3959275
0.39353025
0.39231905
0.39113927
0.39467657
0.39926633
0.38972473
0.40210333
0.39877027
0.39850858
0.38786432
0.3930194
0.39609247
0.3937121
0.3954651
0.3985261
0.39410228
0.39588073
0.39865598
0.3975986
0.3942704
0.39494127
0.40416196
0.40112725
0.4054192
0.3987505
0.39266518
0.39859694
0.39988098
0.3944857
0.39581224
0.40026733
0.39747223
0.39835972
0.40359065
0.39914855
0.39654586
0.39579326
0.395158
0.40087917
0.3970252
0.39343262
0.39560887
0.394567
0.39542222
0.40065542
0.38683197
0.39822996
0.39855608
0.39597547
0.39116615
0.39126492
0.39484924
0.39462033
0.39549604
0.3891938
0.38923773
0.38866246
0.38902915
0.38655075
0.39900967
0.40222222
0.39538348
0.39256102
0.390998
0.3974334
0.3973681
0.39037293
0.39937973
0.3891313
0.4004913
0.39861634
0.39602065
0.39967948
0.40108472
0.39220446
0.39008322
0.39144185
0.38939252
0.38793868
0.3973053
0.3915352
0.40066588
0.39456245
0.39312178
0.39592487
0.3993814
0.40328628
0.3910943
0.40057173
0.3963075
0.40040493
0.3936403
0.39988086
0.39817816
0.39580867
0.39582324
0.39509168
0.39487973
0.3918379
0.3945037
0.3914566
0.38978755
0.39321303
0.38750648
0.3934685
0.39629802
0.40143177
0.40898898
0.39946008
0.40083358
0.39188543
0.39579165
0.39207095
0.39292404
0.4013163
0.39318717
0.3989544
0.3931578
0.39968914
0.39230978
0.39497837
0.39232662
0.39299703
0.3998845
0.3946852
0.39328685
0.3941294
0.3926604
0.39655215
0.3929474
0.39615655
0.3864427
0.38725296
0.39081252
0.39377445
0.39254096
0.39953324
0.3931261
0.39290503
0.4009227
0.3944171
0.39783725
0.39619833
0.39557317
0.3903505
0.39099964
0.39582255
0.39317122
0.39781377
0.39863774
0.3927785
0.39535114
0.39479926
0.3995624
0.40074432
0.3943847
0.4019943
0.39972106
0.39623144
0.3946539
0.39902216
0.39576155
0.3885681
0.4027815
0.4004676
0.3944273
0.40174738
0.39688775
0.39434534
0.39627334
0.3960051
0.40107748
0.39074317
0.39639026
0.4058232
0.38773486
0.39834496
0.3957009
0.39764273
0.39211202
0.39466715
0.3982041
0.39235657
0.40366435
0.39632472
0.4004636
0.39863497
0.39601603
0.39834097
0.39924252
0.3916506
0.40851405
0.3969878
0.3922127
0.40268782
0.3998592
0.39368236
0.39552692
0.39505568
0.40055823
0.388552
0.40007782
0.40020785
0.3891808
0.39463925
0.40022877
0.39181402
0.39295578
0.39831787
0.40416768
0.4022158
0.39648277
0.40085223
0.40177754
0.40513587
0.39122802
0.39660686
0.40017116
0.39467606
0.40043837
0.399691
0.39815837
0.39634326
0.39553654
0.39060515
0.39612126
0.3882367
0.39826646
0.40539047
0.39775348
0.40257272
0.40056056
0.39819932
0.40290383
0.40237814
0.39436164
0.40236342
0.39720616
0.40209448
0.4009862
0.3995789
0.394495
0.40307665
0.4023789
0.39769536
0.40155876
