0.6836975
0.6615533
0.6399388
0.615165
0.63842404
0.6023243
0.60003376
0.5977136
0.5938378
0.59036434
0.5952345
0.6040152
0.5999196
0.5854135
0.5805148
0.5874251
0.6187741
0.5747214
0.5793061
0.5722259
0.572769
0.5686559
0.56257224
0.6036173
0.5593257
0.55708206
0.54539824
0.5424681
0.54243433
0.53413665
0.53149134
0.5484315
0.52420163
0.53821373
0.53506863
0.5153247
0.50900847
0.50527346
0.5030591
0.49551377
0.5039438
0.5060539
0.4844624
0.48753622
0.48110786
0.48183393
0.47485057
0.46918878
0.4690527
0.47527277
0.4589091
0.46073937
0.45922843
0.44663772
0.45541647
0.4441668
0.44217873
0.43845397
0.42876798
0.42750353
0.41974097
0.4154269
0.41055703
0.41761398
0.41170016
0.4133619
0.40285617
0.40482542
0.40322757
0.40763077
0.40003115
0.3936174
0.39796412
0.39506188
0.39475426
0.3966047
0.38324314
0.3839208
0.38691786
0.37642816
0.37435472
0.37113366
0.3813485
0.36918896
0.36595803
0.37062073
0.36702314
0.3719605
0.365429
0.36122635
0.36262208
0.37490007
0.37515423
0.36043924
0.35420275
0.3698688
0.35842782
0.3563844
0.3620296
0.3598012
0.35053122
0.3501807
0.34877217
0.35493308
0.3485601
0.34566486
0.34601286
0.35715303
0.34816113
0.3400647
0.3413986
0.34642193
0.3417843
0.34192508
0.34049922
0.33423275
0.3374199
0.3382658
0.3420204
0.32695714
0.3358167
0.3321389
0.3351175
0.33231598
0.33313242
0.3331355
0.32903782
0.3342179
0.32635304
0.32776627
0.3324648
0.32400683
0.32743296
0.33676788
0.3254965
0.32824627
0.3356809
0.32293138
0.32553557
0.3223075
0.32663077
0.33031225
0.32170767
0.32287437
0.32724667
0.3220301
0.3222314
0.32281947
0.32127976
0.31859183
0.3197393
0.31692228
0.3153936
0.31957826
0.31923056
0.3165464
0.31776807
0.31380877
0.32404003
0.31396058
0.31241608
0.31457552
0.31514966
0.32075316
0.31194645
0.31456825
0.31323618
0.31435645
0.3085152
0.31631503
0.3173456
0.3084147
0.30482137
0.30847615
0.30640396
0.31257266
0.30717516
0.30680275
0.30446494
0.31203178
0.30296034
0.30914968
0.30648634
0.30495477
0.30736518
0.307979
0.30684987
0.30728605
0.30631045
0.3062846
0.3088503
0.30599552
0.30607727
0.30542028
0.31972206
0.30349347
0.31671277
0.3011295
0.29742485
0.30357596
0.30640328
0.30423754
0.30559286
0.30067
0.30238605
0.30611977
0.30915096
0.30763733
0.30591425
0.3021219
0.30394784
0.3036699
0.3331271
0.2995533
0.29816952
0.30585858
0.30057266
0.30057818
0.30584323
0.30219734
0.30265093
0.30084667
0.29886657
0.30618027
0.2957149
0.29861593
0.2992297
0.29587615
0.29356834
0.2998518
0.29677802
0.2965197
0.29507276
0.296469
0.294669
0.30346656
0.2964179
0.2932748
0.29427314
0.2990342
0.30482
0.3210081
0.29421982
0.2959318
0.2913025
0.29127565
0.2982353
0.29056692
0.29318652
0.29067641
0.29504237
0.2862353
0.29687843
0.28654388
0.2903941
0.28888547
0.28578654
0.29283634
0.29096708
0.2945175
0.29275152
0.29735634
0.30195993
0.2905429
0.2898286
0.29980063
0.29253966
0.29323295
0.29883096
0.29234025
0.29024586
0.2858864
0.28809762
0.28905982
0.29633638
0.29415888
0.28907508
0.29096374
0.2883414
0.2879194
0.28449753
0.29419014
0.28992808
0.291985
0.28838673
0.28951418
0.29025942
0.3013731
0.29224375
0.29467857
0.28475294
0.2857753
0.29035732
0.2845536
0.28382587
0.2869069
0.2875271
0.28865367
0.2868464
0.2862799
0.28831768
0.28508395
0.28471765
0.28564855
0.2839948
0.2877293
0.2855522
0.2819379
0.28764018
0.28864178
0.28168538
0.28099784
0.28422388
0.28815293
0.28891116
0.2864116
0.2807816
0.27934808
0.29089445
0.28288206
0.28736937
0.28483868
0.28661433
0.27959502
0.27927205
0.28196254
0.28718814
0.28214392
0.2793326
0.27778387
0.28012168
0.2840054
0.2854883
0.27440867
0.28192824
0.280242
0.27757934
0.29009977
0.27855346
0.2813443
0.2821744
0.28608614
0.2849974
0.28054515
0.28179514
0.2826139
0.28101528
0.2770839
0.27755582
0.27800772
0.28259575
0.2870369
0.28253075
0.29075998
0.28013328
0.28219646
0.27612755
0.28411862
0.27902633
0.27988103
0.2843923
0.2832818
0.27510363
0.27758676
0.2923469
0.28627536
0.2773141
0.2723505
0.28062278
0.2820861
0.2772838
0.28780472
0.2807351
0.28114685
0.28347653
0.28025007
0.27868837
0.28312364
0.28190404
0.27761936
0.2798784
0.28180015
0.27646226
0.281279
0.277637
0.2775749
0.2794957
0.28043982
0.28098267
0.2803546
0.2757924
0.27977812
0.28193477
0.275914
0.2808691
0.27637768
0.27871042
0.27644944
0.28016907
0.28139654
0.28065643
0.27724805
0.26695654
0.27687073
0.2728074
0.27432626
0.2754663
0.27652016
0.27229106
0.27711838
0.27688885
0.27343327
0.26810667
0.27538836
0.27406013
0.27098766
0.275885
0.27305657
0.27535653
0.2773111
0.27928305
0.27671185
0.27773774
0.27199608
0.27383155
0.27046803
0.26935592
0.26912338
0.27557838
0.27794945
0.27516535
0.27138323
0.2772089
0.26945576
0.2711131
0.27246568
0.2752383
0.27203453
0.2726711
0.27551526
0.2736164
0.27452153
0.28776604
0.27049795
0.27750975
0.2728594
0.2715462
0.26882306
0.26842114
0.27256233
0.28039032
0.26911226
0.26756153
0.26960784
0.2758943
0.27385384
0.2677956
0.2703549
0.2723375
0.2741537
0.27617696
0.27596524
0.2737754
0.2774137
0.27221963
0.27647796
0.27479777
0.27930233
0.27169222
0.26873565
0.27392408
0.2720922
0.26912946
0.27274868
0.26674846
0.27126563
0.2736843
0.2775985
0.27446687
0.2724213
0.27347797
0.27239692
0.26807812
0.27825865
0.27294385
0.27121186
0.27142385
0.28080845
0.27325466
0.27208143
0.27323133
0.26929012
0.26861057
0.27381992
0.27119154
0.26538378
0.26841
0.27384695
0.2748226
0.271026
0.27309826
0.2711161
0.2685881
0.26954433
0.2729049
0.27348143
0.27424175
0.27366453
0.26496792
0.2703999
0.2676292
0.27234772
0.27020556
0.27065584
0.27382103
0.2739887
0.26960433
0.2703784
0.27174366
0.2699465
0.26699707
0.27668992
0.26733166
0.2743131
0.27352712
0.2730722
0.2697813
0.2691788
0.26766098
0.266371
0.27122685
0.2685194
0.26676464
0.2693596
0.26941583
0.26428315
0.2698016
0.2704131
0.26858845
0.26400545
0.27209136
0.27044278
0.2665712
0.27073333
0.26564518
0.26900387
0.26478097
0.26653522
0.26510054
0.26364803
0.26502597
0.26440412
0.26206008
0.26878247
0.26591843
0.26839
0.2622473
0.26769805
0.26974738
0.26878282
0.2636631
0.26994413
0.26499456
0.26132965
0.26759195
0.26995704
0.26960686
0.26336843
0.26661354
0.27393523
0.27204373
0.26657647
0.27218062
0.2701145
0.2722756
0.26436174
0.26363727
0.26667258
0.2636805
0.2626447
0.26288092
0.26483554
0.2777784
0.27336526
0.26045334
0.26597822
0.26103094
0.26494944
0.2730038
0.26729003
0.2657164
0.26122245
0.26505134
0.26223212
0.26854098
0.2602903
0.26829368
0.26298952
0.2672559
0.26404423
0.26983327
0.26428178
0.2688316
0.26555783
0.26324904
0.26602542
0.2664729
0.2629581
0.26411068
0.26539996
0.2641116
0.26378375
0.26692376
0.26486653
0.2661789
0.26426163
0.27358976
0.2639814
0.26575306
0.2655419
0.26461926
0.26466423
0.26104182
0.26468474
0.2646439
0.26772952
0.26396734
0.26456356
0.26570398
0.26247415
0.26225138
0.26192603
0.26537123
0.26928777
0.26550937
0.26476935
0.26962775
0.26660946
0.2683274
0.2654179
0.26667503
0.268231
0.26605088
0.26604643
0.26475316
0.26841655
0.26565453
0.26623353
0.2717562
0.2659498
0.2687758
0.26569298
0.26765224
0.27181634
0.27656248
0.2676681
0.26647803
0.26902923
0.26232487
0.26503634
0.26518822
0.26409256
0.26659155
0.26178208
0.26130965
0.261622
0.26143402
0.26651627
0.26175353
0.2628284
0.2647076
0.264294
0.2693368
0.26318178
0.2589294
0.25891942
0.26588458
0.26673317
0.2711821
0.25986257
0.26065797
0.2602194
0.25817728
0.26670966
0.26119792
0.26340327
0.2630544
0.264908
0.26605326
0.26586992
0.2634994
0.25904632
0.2608001
0.26259503
0.2657511
0.26295948
0.2587276
0.25875288
0.2608894
0.26426914
0.25977963
0.26255202
0.26442656
0.2664557
0.26368174
0.2604571
0.26485205
0.2637498
0.27738965
0.26280683
0.25993875
0.2634933
0.26765245
0.2687367
0.26194078
0.26445293
0.26316687
0.25995427
0.26329663
0.26188228
0.26176184
0.26343757
0.26525086
0.2678228
0.26331574
0.26427722
0.2666778
0.25964227
0.26530832
0.2720042
0.2625729
0.26266354
0.25748828
0.26069853
0.26294565
0.2668816
0.26996675
0.2594182
0.26280513
0.2625882
0.26019847
0.2603317
0.26036793
0.26106727
0.2623386
0.26223096
0.2624657
0.26428762
0.27337012
0.2611106
0.25963882
0.262429
0.2598626
0.25685167
0.25977188
0.26283032
0.25927296
0.26568192
0.25845918
0.26251015
0.25762057
0.26135728
0.25694668
0.25954583
0.26357213
0.2629913
0.26032636
0.26115593
0.26114574
0.26182657
0.2559021
0.26213068
0.26297572
0.26154843
0.25639245
0.25790218
0.25816005
0.25787184
0.26157534
0.25854203
0.32847208
0.26079077
0.25609422
0.26776496
0.2725024
0.26013565
0.2593967
0.26148593
0.25891814
0.25757185
0.26613528
0.2558377
0.25903398
0.25894648
0.26097575
0.25945014
0.2566776
0.26896876
0.25778016
0.25950956
0.26040325
0.25468552
0.2605853
0.26301104
0.26077393
0.2651474
0.2603934
0.26084685
0.2553873
0.25789604
0.26321796
0.25944203
0.2599503
0.2592062
0.25548968
0.26182938
0.25929254
0.26113367
0.2655917
0.2588843
0.25923553
0.26275772
0.2576941
0.25915632
0.26263997
0.2647697
0.25827092
0.26290601
0.26333266
0.26057968
0.2561083
0.25949118
0.2611649
0.25999665
0.25424963
0.2580635
0.25702545
0.25958413
0.2618969
0.25673416
0.25929278
0.25360602
0.26009524
0.25885338
0.2590775
0.2570372
0.2599723
0.26119465
0.26028
0.25722316
0.25751373
0.25360206
0.2551533
0.25916684
0.25763607
0.2571366
0.25787666
0.25680292
0.25801784
0.25736892
0.25450152
0.26180553
0.2581031
0.25839078
0.25945887
0.25491306
0.255095
0.25655678
0.25733173
0.25666755
0.25481454
0.25739625
0.25768912
0.25674623
0.26187092
0.2545055
0.2511889
0.2550001
0.25655416
0.25410098
0.25574657
0.25545818
0.25765276
0.256833
0.25442746
0.25537232
0.25923106
0.2590635
0.2539361
0.2556057
0.25200403
0.2546322
0.2567032
0.26051316
0.2518996
0.25044248
0.25294134
0.25546277
0.2555785
0.25512296
0.2578517
0.2549458
0.25488517
0.2522198
0.25456953
0.2576753
0.25647885
0.25407106
0.2562646
0.25501236
0.2587072
0.2583012
0.25313273
0.25627214
0.255928
0.26749656
0.25676274
0.25349215
0.2607131
0.25633422
0.2574877
0.26193494
0.25612527
0.25102907
0.25569972
0.25663355
0.25464088
0.2524133
0.2671204
0.2524609
0.25536314
0.25378332
0.25529033
0.25805438
0.25870928
0.2524442
0.25401232
0.25447178
0.25679737
0.252585
0.2546537
0.2522228
0.25418198
0.25033486
0.25614667
0.25665843
0.2573263
0.25522166
0.25672808
0.25655878
0.25836945
0.25117055
0.25647113
0.25336182
0.2510208
0.25708896
0.25486252
0.26078358
0.25340438
0.25509936
0.25910026
0.25728408
0.2596573
0.25115377
0.2581555
0.25360352
0.2549786
0.25375178
0.25354505
0.25517958
0.24892852
0.2573274
0.2592834
0.2568022
0.25533032
0.2533096
0.25265402
0.25291133
0.2535105
0.25305232
0.254675
0.25332156
0.26084417
0.2584958
0.25064597
0.25179568
0.25177643
0.25457552
0.25505903
0.2557565
0.2528002
0.2544961
0.25856477
0.2543155
0.25362772
0.25216922
0.2541981
0.2525707
0.25556114
0.26358056
0.2566196
0.25387233
0.25306445
0.25184432
0.25585452
0.2544494
0.25369722
0.25092486
0.25640616
0.25128666
0.25352708
0.25421476
0.25165662
0.25147283
0.25784227
0.2584447
0.25199255
0.25130287
0.25419855
0.25370958
0.25139052
0.25053605
0.24880494
0.2517422
0.2575137
0.25654596
0.25838262
0.2571118
0.25605127
0.25214955
0.25201824
0.2504636
0.25488842
0.2525824
0.25836825
0.25194916
0.25525755
0.25205332
0.25160697
0.2518913
0.25540772
0.2575038
0.2483795
0.25585243
0.2523975
0.25527748
0.25889218
0.25740165
0.2518806
0.25354514
0.25221056
0.2548655
0.25219584
0.25487003
0.253291
0.2520445
0.25221667
0.2526841
0.25364587
0.25070414
0.2524694
0.2558631
0.258723
0.25241098
0.251683
0.25155306
0.25043824
0.25445616
0.25069243
0.2541161
0.24937636
0.25292075
0.2516298
0.25327763
0.25348246
0.25014827
0.25119627
0.25632396
0.25275034
0.24973063
0.2518288
0.2512009
0.25040653
0.2512492
0.25339565
0.25038403
0.25124103
0.25104713
0.25246444
0.25447488
0.2503903
0.2525815
0.25281298
0.25895384
0.25297478
0.25553545
0.25258434
0.25797242
0.2467274
0.25342143
0.250631
0.24856497
0.25079402
0.24990913
0.25148553
0.2532075
0.2513688
0.25139838
0.24941957
0.25446433
0.24850239
0.25100154
0.2532751
0.25177336
0.25220424
0.24947496
0.25131682
0.25099596
0.25167266
0.25006577
0.25131407
0.24937963
0.2526392
0.2528155
0.25297397
0.25207344
0.25245035
0.2523991
0.25513533
0.25031224
0.2530037
0.25604203
0.25188375
0.24920107
0.25201136
0.25158113
0.25359055
0.254687
0.25178605
0.2513482
0.24908486
0.2526434
0.25399095
0.24757738
0.24659689
0.25246093
0.24680005
0.24668746
0.24911672
0.24641003
0.24868286
0.2470035
0.25530833
0.25433716
0.25558704
0.25254983
0.2502642
0.24956338
0.2501612
0.25226894
0.2535277
0.25070664
0.24928327
0.2485507
0.2498158
0.25129727
0.24824864
0.25176212
0.24538879
0.25045228
0.2562288
0.25080487
0.24871191
0.2523991
0.25011927
0.25035623
0.24802181
0.25224006
0.24815647
0.24879782
0.24976991
0.25003266
0.24871759
0.2524994
0.24831782
0.25017142
0.252256
0.24727428
0.2499672
0.24968079
0.25107586
0.24904183
0.25227103
0.25160208
0.25071305
0.24890712
0.24453028
0.24869303
0.25826734
0.24940357
0.25025842
0.24886864
0.25079605
0.25241175
0.24858539
0.250924
0.25042287
0.2520665
0.2523933
0.24957329
0.2462893
0.251338
0.25012195
0.2506784
0.250292
0.24541163
0.25163406
0.24845971
0.24411148
0.24914876
0.25123945
0.24870051
0.24652879
0.24708109
0.24882902
0.24630703
0.24840254
0.2510928
0.25135785
0.25302976
0.2514702
0.24943613
0.2503343
0.25295022
0.24938214
0.25326896
0.24584042
0.24702823
0.24567454
0.2532471
0.25077626
0.25155884
0.24615674
0.24487235
0.24701315
0.25233033
0.2461777
0.25138494
0.24952842
0.2518797
0.2506213
0.24784239
0.26227713
0.24586497
0.2503188
0.25032574
0.2471969
0.25080246
0.25052384
0.24886937
0.24977843
0.24430402
0.24602951
0.2441088
0.24851097
0.24442412
0.24833064
0.25064322
0.24856856
0.24600075
0.2504107
0.24886411
0.24864104
0.25042734
0.2480592
0.24946463
0.24821527
0.24969661
0.24623117
0.24413358
0.24920124
0.24754521
0.24638614
0.2533311
0.2464076
0.24670802
0.24587339
0.24659519
0.25198442
0.24711628
0.2475058
0.25685272
0.24785124
0.24876648
0.24793683
0.24836135
0.24656336
0.2461544
0.2503862
0.24677517
0.24480999
0.24620868
0.24666658
0.24775402
0.24628916
0.24611504
0.24942398
0.24628729
0.24356964
0.24553098
0.24901913
0.24874176
0.2465454
0.24531196
0.25204968
0.24711846
0.2459698
0.24483693
0.24311502
0.25279114
0.24526405
0.24701704
0.24866155
0.2470738
0.24698538
0.24597973
0.2452067
0.256037
0.24731453
0.24742106
0.24772972
0.2504646
0.24642973
0.24563466
0.25168738
0.25241306
0.24799842
0.24646877
0.2472201
0.24651653
0.24530797
0.24582948
0.24714047
0.24424912
0.24758042
0.24732584
0.24348488
0.2435252
0.24417761
0.24201126
0.24446192
0.25140813
0.24246621
0.24888311
0.24701543
0.24623895
0.24503084
0.24827413
0.24792403
0.24473244
0.24431892
0.24722858
0.2630002
0.24689595
0.24577539
0.24911073
0.25021505
0.24525851
0.24760163
0.24723628
0.2487875
0.25045696
0.2465816
0.2449803
0.2454125
0.25655773
0.24355103
0.24713516
0.25982198
0.24492885
0.24284647
0.24553844
0.24823153
0.24483846
0.24965297
0.24607311
0.24535978
0.2550028
0.24599554
0.24667747
0.2491043
0.24895562
0.24907343
0.24868794
0.25382844
0.2520783
0.2454824
0.25181904
0.2520718
0.24439533
0.2449151
0.25092986
0.31994888
0.24480587
0.24761915
0.24995412
0.24570386
0.24506217
0.24406509
0.2449756
0.2449604
0.24523753
0.24369858
0.24960488
0.24576114
0.24435255
0.25124076
0.24627462
0.24522024
0.24678765
0.24812432
0.24554263
0.24554555
0.24778777
0.24934366
0.25133747
0.2483647
0.24368867
0.24988708
0.24681675
0.25205135
0.25044772
0.24706122
0.25018603
0.24810418
0.24720073
0.25460887
0.24652366
0.25022
0.247953
0.2485362
0.25089866
0.24723229
0.25265235
0.24745233
0.24556138
0.24797723
0.24599388
0.2446235
0.24935903
0.25289607
0.24648409
0.24934775
0.24689147
0.24676602
0.2480478
0.25022897
0.25432938
0.24746053
0.24794784
0.24903439
0.24801749
0.2493385
0.24784121
0.2500251
0.24699427
0.2532533
0.24996656
0.24847639
0.24807854
0.2509591
0.24905992
0.24913386
0.25043043
0.24879885
0.24860452
0.24839194
0.24815592
0.2515285
0.24973164
0.25103655
0.24535526
0.24987368
0.2490628
0.24882016
0.24934234
0.2488176
0.24726994
0.24729657
0.25009626
0.24752012
0.24645036
0.2485896
0.24677752
0.24787025
0.24760766
0.24626982
0.24625558
0.2474369
0.24843742
0.24444893
0.24744846
0.24475367
0.25042155
0.24801587
0.25022715
0.24808934
0.24802728
0.24411312
0.25093594
0.24766576
0.24927302
0.24827746
0.24717835
0.24773955
0.24733183
0.24462518
0.24830799
0.24684936
0.25441444
0.2542251
0.25048268
0.24975035
0.24851212
0.24998403
0.24734105
0.24626213
0.24843147
0.25319207
0.24705856
0.2514322
0.24949583
0.2510546
0.24684574
0.24841432
0.24589796
0.2519011
0.2531318
0.24652286
0.25145942
0.24689046
0.24959967
0.2448185
0.24683107
0.2509007
0.2513306
0.24944302
0.2479145
0.24764755
0.24886568
0.24953315
0.2476731
0.24866004
0.24572739
0.24646203
0.24614568
0.24536783
0.24669181
0.24399859
0.24458085
0.24834412
0.24501164
0.26160893
0.24671233
0.2469301
0.24751398
0.25125757
0.24361153
0.24847041
0.24549375
0.24953288
0.24504285
0.24870694
0.245189
0.24711253
0.24874106
0.25355065
0.24536426
0.24561295
0.24248688
0.24776879
0.24910957
0.24833345
0.2514515
0.25063148
0.25444165
0.24429545
0.24641262
0.24541631
0.25020814
0.24729049
0.24644572
0.24643482
0.2505167
0.24631426
0.2453682
0.25090653
0.2589635
0.25637174
0.24366878
0.24654278
0.24993685
0.24660216
0.24800597
0.24406832
0.24790402
0.24602903
0.24840109
0.2423429
0.24693933
0.24613503
0.25159335
0.24785633
0.2440154
0.24648367
0.24686384
0.25135332
0.24811438
0.24407613
0.24458314
0.25110164
0.24934545
0.24637978
0.24850063
0.25089324
0.24763711
0.24721321
0.25136194
0.24692053
0.24781618
0.24797629
0.24269454
0.24542478
0.24936043
0.25055578
0.24570595
0.24821559
0.24815734
0.24981721
0.24812517
0.2463995
0.24635689
0.25009775
0.24703951
0.2475117
0.24447873
0.24429524
0.24455146
0.24787037
0.24163811
0.24685405
0.24417944
0.24678722
0.24361657
0.24816789
0.24434593
0.24541855
0.24318334
0.24927178
0.24404374
0.24453068
0.24739364
0.24570057
0.24746242
0.24536392
0.24661048
0.24465004
0.24681039
0.2450575
0.24285315
0.2569161
0.25161424
0.24042521
0.24682213
0.24576834
0.24774793
0.24697334
0.24703854
0.24294072
0.24671632
0.24426943
0.2445159
0.24567804
0.24932492
0.24834082
0.24619868
0.24827552
0.24559136
0.2461764
0.24534185
0.2457547
0.24922125
0.24618673
0.24946386
0.24364734
0.24644673
0.24419627
0.2411815
0.24639381
0.24620983
0.24170333
0.25149778
0.2448882
0.24669513
0.24541184
0.24494351
0.24355724
0.24783312
0.2441564
0.24537338
0.24751326
0.24908362
0.24448667
0.243514
0.24351944
0.2460906
0.2472218
0.24789688
0.24707483
0.24220803
0.24121843
0.24630682
0.24412206
0.25417712
0.24550773
0.24484192
0.24377425
0.2462078
0.24628045
0.24266857
0.24585377
0.24427031
0.24340975
0.24276873
0.24226233
0.24327305
0.24297085
0.243325
0.24635142
0.24465352
0.24748085
0.2453772
0.24078736
0.24525829
0.2455399
0.24404141
0.24661364
0.2455771
0.244898
0.24506928
0.2463276
0.25140813
0.24316536
0.24396005
0.24725492
0.2480213
0.24766362
0.24616097
0.24455532
0.24564913
0.248931
0.24581705
0.24823397
0.24134092
0.24078049
0.24262853
0.24433261
0.24932039
0.24637723
0.24636787
0.24578069
0.24533845
0.2441404
0.2452257
0.24362142
0.24485649
0.24503624
0.24398623
0.24441226
0.24548386
0.24536577
0.24179275
0.24098249
0.24402595
0.24123101
0.24269077
0.24338713
0.24682905
0.24370259
0.24834001
0.24234074
0.24955109
0.24303235
0.24608839
0.24819857
0.24483971
0.24613954
0.24274616
0.25116584
0.24391942
0.24063581
0.24387763
0.2430927
0.24535066
0.24344446
0.25082436
0.24656738
0.24262385
0.24381514
0.24295835
0.24470466
0.24408802
0.24096218
0.24666743
0.2404922
0.24678403
0.2431661
0.24490249
0.24161674
0.24662149
0.2488621
0.24321392
0.24939245
0.2431536
0.24730703
0.2505283
0.24181382
0.2464403
0.24366374
0.2451884
0.24307814
0.24475078
0.24616875
0.2412986
0.24273649
0.24529727
0.2415736
0.2432398
0.24230555
0.24772613
0.24587488
0.24595472
0.25110686
0.24973781
0.2415164
0.24798249
0.2412349
0.24312556
0.24384664
0.24425225
0.24668461
0.24687439
0.24675845
0.24534565
0.24519001
0.24697874
0.24313888
0.24420044
0.24525681
0.2470174
0.24871933
0.25182277
0.24631521
0.24310076
0.24486752
0.24205834
0.24432658
0.24438947
0.24341196
0.24275348
0.24410269
0.24747822
0.24416201
0.24950401
0.24352135
0.24608353
0.25365192
0.2440755
0.24347523
0.2510057
0.24231486
0.24272998
0.24748106
0.24746388
0.24639161
0.24022688
0.24501498
0.24328311
0.24726567
0.24570543
0.24524865
0.24691834
0.24540526
0.24489945
0.24525848
0.24413918
0.24427043
0.24012469
0.24193147
0.24956173
0.24294414
0.24557704
0.24488044
0.24531005
0.24505165
0.24497004
0.24693237
0.2514105
0.24687065
0.25630036
0.24469253
0.24089362
0.2516804
0.24679331
0.24492164
0.24266796
0.24341042
0.2418848
0.24465394
0.24533409
0.25033686
0.2410543
0.24512383
0.24518853
0.24340996
0.24418412
0.24921352
0.24572915
0.2508254
0.24443516
0.24295674
0.24921766
0.2461097
0.24275464
0.24217899
0.2448275
0.24533232
0.24283524
0.25071672
0.23991244
0.24016944
0.24570677
0.244182
0.24188109
0.24595153
0.24687086
0.24329445
0.24881287
0.24730618
0.24317947
0.24675436
0.24404363
0.24479026
0.24495183
0.24786673
0.24246372
0.24288204
0.24356093
0.2476209
0.24516295
0.245197
0.24580133
0.24379262
0.2505025
0.24865636
0.24279243
0.24405962
0.243873
0.2434502
0.24232967
0.24577986
0.2419456
0.24667542
0.24300765
0.24797511
0.24635516
0.24478288
0.24175225
0.24460977
0.24766819
0.24651729
0.24741676
0.24924855
0.24565701
0.24440971
0.24471138
0.23964535
0.24127531
0.24890804
0.24602918
0.2423724
0.24454771
0.24063444
0.24408014
0.24671352
0.24890779
0.24352954
0.24289927
0.24248902
0.24402991
