0.73445016
0.68815744
0.7055981
0.6583753
0.6532716
0.6593884
0.66540366
0.6203125
0.60951525
0.59305435
0.6008622
0.5941555
0.5844733
0.57871795
0.56759995
0.6041971
0.56184036
0.5670944
0.55202526
0.54290736
0.53589475
0.5403128
0.51870406
0.5238862
0.50224143
0.5197253
0.49150035
0.4857919
0.47805402
0.47081512
0.46455124
0.4703363
0.46610847
0.46351713
0.4495813
0.4473548
0.45572013
0.44970357
0.43747777
0.42364475
0.42909893
0.42771068
0.4326609
0.42656526
0.41437554
0.40893435
0.4180129
0.40416813
0.40039775
0.4087515
0.4135879
0.39530876
0.3918605
0.40388244
0.38072997
0.38700914
0.38910156
0.38120836
0.3784161
0.38031474
0.38068485
0.3744227
0.37135518
0.37184587
0.37424105
0.3667369
0.3774915
0.3597079
0.35768533
0.35664877
0.35985637
0.34898812
0.3722695
0.35412893
0.35678065
0.34881002
0.3477559
0.3485984
0.35435838
0.34482428
0.345548
0.35868478
0.342657
0.35125637
0.34056726
0.3407343
0.3402649
0.33355427
0.3389205
0.33684093
0.33430824
0.34361035
0.3270899
0.3396566
0.32939553
0.3483092
0.32567805
0.33643797
0.33100852
0.33072713
0.3341583
0.3316081
0.33227286
0.330197
0.33031857
0.33061036
0.31909773
0.32082888
0.32344237
0.32727817
0.32685098
0.32615352
0.31717625
0.31722644
0.32305202
0.32536167
0.32032838
0.31928712
0.31326637
0.31753388
0.31324163
0.31561884
0.31638154
0.3142454
0.3141438
0.31891322
0.30842218
0.3085407
0.31626925
0.31135508
0.31015664
0.307348
0.30802193
0.30867136
0.30910295
0.31078237
0.30452648
0.29980984
0.3041641
0.3059092
0.30578607
0.31322905
0.31113705
0.30599615
0.305654
0.3020441
0.30341077
0.30689478
0.30061564
0.29564023
0.30770507
0.303508
0.29929647
0.30391717
0.2964905
0.3019437
0.3050823
0.2987583
0.29523763
0.2942547
0.29824919
0.30125237
0.2958869
0.29727146
0.3039881
0.29661596
0.30143374
0.2974027
0.29596907
0.29640117
0.29852152
0.2967232
0.29514682
0.30296895
0.29310504
0.30264056
0.2993118
0.2976569
0.29847804
0.29821563
0.2952173
0.28952423
0.29619804
0.29291534
0.29124868
0.29287046
0.28652036
0.28676346
0.29355833
0.28948432
0.2932341
0.29425773
0.29150978
0.28901947
0.29417488
0.2918666
0.3029148
0.28853506
0.29323554
0.29257962
0.28690472
0.29421622
0.29276973
0.29227117
0.29074186
0.28809637
0.2900196
0.2877859
0.28783515
0.28255957
0.28239533
0.29824027
0.28265187
0.29689872
0.2848357
0.2813223
0.28805506
0.28397736
0.27993596
0.28449804
0.28642347
0.28358802
0.28343904
0.28384334
0.28323805
0.2859569
0.27391672
0.2781935
0.27700323
0.2822728
0.2793234
0.28645527
0.27873448
0.28243282
0.27513912
0.27914047
0.2829596
0.28217965
0.27319875
0.27443087
0.27745834
0.27669474
0.28011373
0.27795175
0.2957655
0.27451378
0.27040613
0.27438474
0.27534565
0.27619967
0.27308366
0.28090227
0.2797031
0.2750465
0.27635914
0.28167173
0.2725251
0.28167334
0.27889892
0.2733037
0.28095013
0.2670284
0.27294347
0.27395478
0.27385202
0.27587676
0.2809854
0.26825428
0.2706205
0.2845977
0.27055123
0.2674857
0.2763912
0.27769864
0.27328503
0.27483076
0.27247158
0.27962768
0.27012894
0.27056098
0.33094436
0.28017825
0.27159584
0.27046764
0.27639094
0.27203724
0.26622367
0.27577975
0.26907253
0.27424645
0.27109706
0.27066275
0.2738129
0.27214617
0.273842
0.2688643
0.26838288
0.27497575
0.26864392
0.26725298
0.26802772
0.26829326
0.2672333
0.2709563
0.27036288
0.2712867
0.273173
0.26252827
0.26810467
0.2664728
0.262355
0.2667103
0.26378512
0.26493853
0.26725838
0.26166368
0.2602772
0.27053568
0.2697059
0.25876364
0.26556876
0.2689429
0.2689174
0.266322
0.2712861
0.26845607
0.268099
0.26793244
0.26515216
0.26920432
0.26307395
0.2732991
0.2762491
0.2660052
0.26908273
0.27659234
0.2672389
0.26307002
0.2598545
0.26481503
0.2607386
0.2663536
0.26548097
0.26786798
0.27326125
0.26612273
0.26604193
0.26330644
0.26397038
0.26927757
0.2644035
0.2719863
0.26618704
0.26358578
0.27611756
0.2730268
0.2597161
0.26480612
0.26842758
0.26642126
0.2576933
0.2639819
0.2568264
0.26714066
0.2652536
0.27185288
0.26617655
0.2688601
0.2588551
0.26200712
0.25714025
0.26269346
0.25835973
0.26431212
0.25982568
0.26107717
0.26045984
0.26093948
0.25969794
0.2600152
0.25804505
0.26666933
0.26080137
0.2585061
0.2641054
0.2647693
0.2575407
0.26397443
0.26037702
0.26388866
0.26231644
0.26144698
0.26103234
0.2576098
0.275426
0.2647664
0.2670567
0.26440316
0.26341745
0.26528183
0.2582809
0.25892493
0.25671104
0.26716614
0.25814924
0.26896855
0.25637805
0.25992602
0.2629297
0.26107547
0.2567832
0.25990206
0.25829512
0.2632998
0.2586613
0.2578744
0.26259422
0.25572732
0.25589085
0.25800914
0.25513083
0.2528617
0.255899
0.2620716
0.2592756
0.25448555
0.25824907
0.2528053
0.25905138
0.26802912
0.2591554
0.2531893
0.26010048
0.25756475
0.25845733
0.2521312
0.25658947
0.25102854
0.2534859
0.2587025
0.24948461
0.2583645
0.25536683
0.25683162
0.2662348
0.2576376
0.25522232
0.25321013
0.260401
0.2557994
0.2531706
0.25353605
0.2544188
0.25016516
0.25740847
0.2508143
0.25501773
0.25611472
0.2566109
0.25822866
0.2583048
0.25298685
0.25902924
0.25130033
0.25324082
0.27022216
0.2532251
0.25266597
0.25358593
0.26212883
0.24968448
0.25431222
0.25688654
0.2577039
0.25316253
0.25559825
0.26508388
0.25361085
0.25278956
0.2592729
0.25131515
0.2521324
0.26010478
0.2553503
0.25333288
0.2506479
0.25241393
0.254975
0.25450075
0.2588593
0.250404
0.25547633
0.25948572
0.25187984
0.25087586
0.25240996
0.25775877
0.25077495
0.25696415
0.2529471
0.25269523
0.2645944
0.24744964
0.25120035
0.24754189
0.25338405
0.24676715
0.2569727
0.24688363
0.25673458
0.2521127
0.253621
0.25315723
0.24733022
0.25330848
0.25343207
0.2503838
0.2588083
0.25317708
0.25326142
0.24276629
0.25060168
0.24483815
0.2546747
0.24840595
0.24841078
0.24938843
0.24934064
0.2505518
0.25160623
0.2483301
0.24753489
0.25077572
0.251813
0.25184375
0.24986638
0.25110456
0.25628892
0.24719717
0.25137976
0.2511589
0.2507318
0.25138733
0.24982113
0.24986334
0.25229192
0.24692181
0.24508552
0.24485388
0.2491924
0.24676695
0.25077182
0.24852552
0.25050718
0.253302
0.25232694
0.24722038
0.24612959
0.24492233
0.24798135
0.2478184
0.25289953
0.24952175
0.2546815
0.24907695
0.24892178
0.2468525
0.24684255
0.25327313
0.243515
0.24277057
0.2424984
0.24487856
0.24628119
0.25428087
0.24712656
0.24786189
0.24938418
0.24366862
0.25024384
0.24653104
0.24690291
0.24627623
0.24581787
0.2494796
0.25107497
0.24226464
0.24706675
0.25230622
0.2608419
0.24604711
0.24930912
0.25037494
0.25824204
0.24928635
0.24866936
0.24694148
0.24754585
0.24614112
0.2449112
0.23798646
0.2566206
0.24786928
0.24877585
0.24634326
0.2469049
0.24716409
0.2438073
0.25005746
0.24400996
0.24905986
0.24700058
0.24820223
0.24570814
0.24615377
0.25076067
0.25435728
0.2416157
0.24526082
0.24449836
0.2478758
0.2494473
0.24566437
0.24602738
0.24926971
0.2432733
0.24823134
0.25048774
0.25075418
0.24602787
0.24618468
0.24377394
0.25362724
0.24573912
0.25018272
0.24941549
0.24683647
0.24181937
0.23731233
0.24819396
0.24553894
0.24364202
0.24344638
0.23917171
0.25046164
0.24883372
0.24595623
0.25467098
0.24571024
0.24606925
0.23980242
0.2405422
0.250245
0.2445314
0.23896077
0.24877034
0.24260445
0.24475928
0.24148467
0.24127033
0.24716525
0.24191466
0.25170964
0.24404725
0.25297463
0.24898593
0.24619879
0.25177735
0.24188548
0.2469486
0.24493164
0.24891555
0.24801971
0.24220397
0.2394335
0.25243023
0.24558368
0.28344956
0.24495439
0.24194208
0.24612977
0.24499713
0.24389161
0.24049413
0.24879447
0.24359736
0.24653232
0.24398662
0.24435817
0.24630654
0.25038004
0.24681972
0.2447508
0.2433118
0.2462409
0.24484596
0.24391891
0.24234232
0.24109043
0.23970181
0.24521609
0.24621703
0.24794991
0.24941395
0.24191402
0.24412826
0.24473336
0.24568284
0.24739377
0.2500728
0.23821186
0.24073131
0.24307917
0.24945845
0.249096
0.24984331
0.2455436
0.244803
0.24368262
0.2474188
0.24369782
0.24880083
0.24841246
0.24126242
0.24037312
0.2392316
0.24509104
0.24648157
0.23976311
0.24090268
0.2436086
0.24269918
0.24226543
0.24415997
0.24665698
0.24639796
0.24738126
0.24502586
0.24250832
0.24796116
0.24219503
0.24910343
0.24321198
0.23663688
0.24476461
0.24551305
0.24414931
0.23802838
0.24446979
0.24286973
0.24403131
0.23926172
0.24038208
0.24054225
0.24129878
0.24525999
0.2477729
0.23926367
0.2475138
0.2460806
0.24466455
0.23677652
0.24540718
0.24059448
0.24572389
0.24096684
0.24243452
0.24215712
0.24477622
0.24165249
0.23931858
0.24574964
0.23717509
0.24569042
0.2371329
0.24324556
0.24017482
0.24004123
0.2378046
0.23970443
0.24079247
0.2413054
0.23765917
0.25017264
0.24403743
0.24103369
0.23937173
0.24089746
0.23972063
0.24191515
0.23512127
0.24050303
0.24565588
0.24281244
0.24195194
0.24008323
0.24361835
0.24235855
0.2432981
0.24252813
0.2412189
0.24750867
0.24189958
0.2427322
0.23769583
0.237224
0.23694582
0.24206762
0.23651634
0.2411734
0.24283841
0.23984453
0.24449131
0.23397186
0.23862228
0.23682128
0.24344389
0.24942906
0.23659368
0.23220281
0.23859541
0.24231918
0.23879622
0.24218924
0.24347232
0.25037673
0.23879498
0.2500159
0.24171214
0.23660474
0.24115358
0.23844711
0.23922321
0.24076356
0.24221483
0.24835043
0.23992985
0.2388398
0.23647171
0.23936117
0.23642462
0.23988579
0.2466353
0.24302219
0.24044669
0.23761034
0.23881218
0.2395538
0.23754662
0.23486763
0.24357186
0.23950318
0.24184512
0.24110407
0.23977458
0.25105402
0.2364064
0.23881668
0.23831978
0.24222882
0.23983686
0.24168855
0.23980519
0.23899876
0.23784596
0.24788018
0.23950091
0.24306826
0.23667462
0.29844734
0.23749962
0.24179095
0.23970181
0.25094932
0.24303381
0.23909888
0.23678592
0.23981236
0.24332458
0.2400423
0.2395895
0.24138382
0.24277057
0.23879515
0.23689237
0.2337014
0.23988287
0.2415024
0.23770957
0.23934975
0.23897457
0.2338543
0.23957793
0.23859356
0.24248852
0.24237455
0.24671024
0.23583788
0.24071777
0.2450346
0.23702581
0.2379131
0.24034353
0.24634326
0.23961857
0.24206758
0.23820882
0.24088365
0.24410887
0.23782878
0.24018347
0.2324168
0.23606266
0.23584954
0.24226058
0.23760706
0.24627246
0.23800999
0.23913187
0.23849162
0.23671928
0.23417147
0.24191436
0.23557246
0.23557447
0.24146418
0.23905419
0.24065886
0.23420598
0.24338481
0.23544723
0.24079672
0.2373815
0.23846903
0.23256513
0.2370347
0.23760466
0.23858114
0.24171513
0.23867258
0.2356773
0.23488961
0.23915443
0.24336854
0.24089628
0.2387951
0.24071921
0.23921883
0.24005611
0.24024175
0.23616078
0.2357448
0.24108967
0.23629625
0.23821482
0.24173565
0.23932038
0.23789793
0.24129386
0.23485442
0.24101041
0.23573352
0.23850486
0.23963344
0.23924835
0.23609535
0.23817647
0.23875651
0.23476548
0.24235977
0.23564382
0.23438667
0.23414522
0.22845297
0.24796748
0.23435864
0.23610832
0.23793212
0.23666313
0.23641287
0.24053034
0.241847
0.2379848
0.24179567
0.24494886
0.23623626
0.23541188
0.23654582
0.23469168
0.23512061
0.24051206
0.2322607
0.23598407
0.2378143
0.23309013
0.24131407
0.23997144
0.24311982
0.24041669
0.24129249
0.23652187
0.23691967
0.23277265
0.23896445
0.23343836
0.2354211
0.2336092
0.2349001
0.23574239
0.2319677
0.23255445
0.23466218
0.24763057
0.23530574
0.23610426
0.24402864
0.23879243
0.2335842
0.23528403
0.2410659
0.23726845
0.23540798
0.23708728
0.23897666
0.23420177
0.24109082
0.23004232
0.2302051
0.23768777
0.23849581
0.23411036
0.2397013
0.23601642
0.23253085
0.23316482
0.2359814
0.24729832
0.23180382
0.231539
0.24357615
0.23860656
0.23198977
0.24123786
0.23165745
0.2312935
0.23147675
0.23832586
0.23352201
0.23740067
0.22732806
0.23948236
0.23258702
0.23430939
0.23692018
0.23474745
0.2320496
0.22990024
0.23152445
0.23376402
0.23215172
0.23601738
0.23980027
0.23217694
0.23127942
0.23590732
0.2375855
0.232736
0.23509036
0.23737347
0.23607309
0.24463947
0.23376547
0.23700434
0.24794094
0.23333767
0.23732796
0.23663945
0.23587175
0.23565504
0.23862071
0.23811576
0.23824506
0.24169016
0.23667236
0.23666878
0.24706402
0.2347712
0.23549433
0.23754631
0.2338745
0.2359
0.24531056
0.23401017
0.24342062
0.23576479
0.24147612
0.23461142
0.23633212
0.24095115
0.23628046
0.23209973
0.2346418
0.23484914
0.23438992
0.23419723
0.23786168
0.2380144
0.23570505
0.23463108
0.23521835
0.23407622
0.2325681
0.23798177
0.23520027
0.24003659
0.2346189
0.24059312
0.2397348
0.24223785
0.23696065
0.23358914
0.23313075
0.2316476
0.23237403
0.23924832
0.23085904
0.24041927
0.23660791
0.23573168
0.24411532
0.23660903
0.23541665
0.23627535
0.23619714
0.23683624
0.24082652
0.23375168
0.2365653
0.23604083
0.22874339
0.23656547
0.23894025
0.23207523
0.23783761
0.23410296
0.23711509
0.23252265
0.236632
0.23524198
0.23998144
0.23058106
0.23940998
0.23920494
0.23349923
0.23170952
0.23208782
0.23864573
0.23302002
0.24334759
0.23778637
0.23894824
0.23230444
0.23235309
0.2352676
0.23042709
0.23460715
0.2351797
0.23198554
0.2368213
0.23528822
0.23394677
0.2336996
0.23760715
0.23321757
0.23642795
0.23234358
0.23264945
0.23439573
0.2298598
0.23276128
0.23396552
0.24227537
0.23560634
0.24175972
0.23507237
0.23480754
0.23632564
0.23260917
0.23908453
0.2406368
0.23562789
0.24188316
0.23699918
0.23343001
0.24106519
0.2399554
0.23278016
0.23693122
0.24154189
0.23914796
0.24028444
0.2368402
0.2292825
0.23309015
0.23345064
0.24220236
0.23780847
0.2401399
0.23416944
0.23911914
0.23444407
0.24659434
0.23550136
0.23311074
0.23653316
0.2370181
0.23887964
0.23888463
0.24091941
0.24339429
0.23480245
0.239282
0.23873422
0.2319021
0.23341097
0.24117625
0.24139535
0.23549473
0.23780562
0.23451106
0.23649877
0.23625977
0.23230822
0.23379488
0.23713815
0.2396053
0.24425803
0.23680489
0.23879173
0.23661582
0.22928187
0.24199627
0.24042253
0.23867257
0.23354708
0.23446779
0.2372383
0.23652893
0.23371182
0.23628709
0.23474875
0.23694903
0.23613203
0.23650587
0.23499244
0.23940404
0.23354124
0.2337811
0.23252226
0.23137522
0.23562098
0.23374298
0.2340774
0.2332199
0.23561764
0.23718654
0.2306652
0.23436122
0.23676352
0.23343374
0.23336285
0.23188177
0.23606728
0.23597902
0.23546852
0.2351116
0.23363136
0.23006076
0.23450817
0.22964253
0.2356866
0.23041806
0.2332913
0.23260517
0.23269662
0.23830526
0.23792529
0.23118778
0.23443736
0.2352158
0.23670888
0.23325692
0.22828047
0.2309149
0.23236342
0.24509564
0.23074299
0.2282629
0.23598385
0.23152521
0.22790533
0.23000404
0.22618751
0.2294917
0.22831805
0.23317084
0.23525365
0.23509896
0.2295676
0.23251133
0.26244146
0.23299485
0.2349031
0.2632049
0.23692621
0.2321197
0.23240389
0.22698022
0.2333927
0.23504959
0.23512521
0.2295878
0.23366286
0.23745912
0.23388915
0.23536566
0.23429397
0.23233835
0.24143998
0.22974691
0.23281617
0.23521204
0.23553863
0.23248692
0.23241961
0.23754482
0.2358344
0.23325211
0.23516549
0.23408835
0.23398706
0.23444319
0.23546124
0.2364376
0.23225313
0.23191231
0.23344253
0.23776203
0.23469983
0.22784136
0.23337252
0.23658049
0.22912303
0.3545818
0.23003066
0.23239258
0.23707788
0.2291438
0.23526722
0.23178966
0.23573333
0.23309672
0.23156324
0.23998444
0.23013528
0.23237947
0.23691751
0.24070024
0.2373997
0.2354184
0.23843803
0.23224775
0.24102755
0.23341337
0.24555348
0.2327658
0.23359059
0.23668408
0.23409054
0.2348856
0.23578596
0.23903349
0.23205295
0.23292643
0.22866285
0.23455842
0.2350633
0.23263848
0.23062491
0.2358609
0.22965328
0.2355659
0.23041534
0.2310558
0.23472576
0.23470443
0.23490652
0.24487376
0.23073071
0.23094386
0.23001571
0.2289627
0.22969028
0.22999996
0.23691294
0.23359257
0.2367297
0.23834018
0.23154648
0.23266047
0.22850882
0.23072845
0.23725548
0.23732075
0.23572832
0.23449935
0.2354422
0.23114526
0.2367311
0.23145525
0.2327584
0.23649828
0.23439892
0.22889255
0.23612185
0.23080581
0.2341741
0.23164557
0.23364106
0.24125478
0.23515014
0.23514637
0.23448864
0.23929057
0.23850329
0.23270456
0.24041148
0.23618665
0.23607448
0.2352507
0.23892078
0.23636992
0.23437089
0.23058745
0.23393665
0.23530403
0.23520409
0.23963715
0.2347643
0.2341949
0.23395337
0.23900469
0.23171893
0.22927685
0.23670459
0.23354186
0.22811623
0.22858821
0.23206133
0.23455799
0.24061064
0.23498532
0.23223631
0.23419215
0.23616149
0.23111889
0.2363877
0.23512973
0.23659
0.22946072
0.22967134
0.23246373
0.23109595
0.23408043
0.23363982
0.23073179
0.23847175
0.23636468
0.23625045
0.2311119
0.23498563
0.23322846
0.23307492
0.22992548
0.22910501
0.22602305
0.22556406
0.22894615
0.23193249
0.23104201
0.22825074
0.23169155
0.23046824
0.24012394
0.23690641
0.22886838
0.2314318
0.23384647
0.23473784
0.23199765
0.22977151
0.2332082
0.2334457
0.23484804
0.23359181
0.23102058
0.23355949
0.2296605
0.23410003
0.23216078
0.22974055
0.2339831
0.23099667
0.23499656
0.23202841
0.23934287
0.23490648
0.23122308
0.23242453
0.23426035
0.23647618
0.23119837
0.22571047
0.23809995
0.2330002
0.23133318
0.22902276
0.2325132
0.23142035
0.22955568
0.23321022
0.23823267
0.23123257
0.2309129
0.23492226
0.23548575
0.22924685
0.22576037
0.22939
0.23223148
0.23268633
0.23425062
0.23512478
0.23572436
0.22754699
0.23282793
0.23370352
0.23463257
0.24318111
0.23529138
0.23138043
0.23607972
0.23711604
0.23315273
0.2270941
0.23240891
0.23790927
0.23792538
0.23357147
0.23331471
0.23988618
0.23505284
0.22964334
0.23538285
0.23297878
0.23159389
0.23003905
0.23416547
0.23433453
0.23527005
0.2291737
0.23873353
0.234781
0.23341283
0.23287508
0.23067194
0.2358263
0.23175496
0.22972639
0.24252994
0.23725449
0.23050167
0.2294531
0.23611102
0.23096633
0.23845059
0.22963941
0.22970791
0.2322917
0.23106906
0.23184188
0.23181212
0.23507032
0.22970618
0.23093922
0.2330696
0.23446302
0.23299646
0.23195334
0.23040663
0.23108312
0.229858
0.23076607
0.23433425
0.23332264
0.2336412
0.23439729
0.23338754
0.23456986
0.23773454
0.23557122
0.23601305
0.23617995
0.23789005
0.23028047
0.23242077
0.23010479
0.23194443
0.2320091
0.22998731
0.23261565
0.22559837
0.2301507
0.22970942
0.23172045
0.23554546
0.23002905
0.2307662
0.22496296
0.23192362
0.22824743
0.22980025
0.22788452
0.22864783
0.23413688
0.23293222
0.232411
0.23478809
0.23062952
0.23004423
0.23178442
0.23872659
0.24012326
0.23564598
0.2317816
0.23276536
0.23159882
0.22752039
0.22847845
0.22662781
0.23082776
0.22821328
0.23001905
0.22987632
0.23730886
0.22817773
0.2300118
0.22950193
0.2293114
0.23121622
0.23329228
0.22962691
0.23067138
0.23592468
0.23001817
0.23049752
0.22788514
0.22916046
0.2304561
0.23379923
0.23833618
0.23053055
0.23208158
0.23911867
0.26611948
0.23113026
0.22975788
0.22660115
0.23089927
0.23131071
0.23640856
0.22788411
0.2299471
0.23419966
0.22456858
0.22831126
0.22670451
0.22762781
0.23143148
0.22984572
0.2298206
0.22875975
0.2274207
0.2304225
0.23168825
0.22742192
0.22691643
0.22875969
0.23403631
0.22685164
0.23375155
0.23022783
0.2330933
0.23016712
0.22780947
0.22814478
0.22782016
0.23207307
0.23520467
0.230159
0.23231003
0.22747909
0.22777724
0.22658563
0.23290028
0.22630839
0.22876085
0.2297436
0.23148656
0.22911291
0.23197484
0.23154078
0.22782312
0.23229222
0.23144874
0.226094
0.232173
0.2306505
0.23681588
0.23624882
0.22817919
0.23373075
0.23269127
0.2283438
0.23179036
0.22775559
0.22466986
0.22188674
0.23047619
0.22321469
0.23224741
0.2290842
0.22849992
0.2286423
0.23160383
0.22786409
0.23089008
0.23083511
0.22948138
0.2255024
0.2257519
0.2284229
0.2417546
0.2255181
0.22393365
0.22858176
0.22866791
0.22735208
0.2285382
0.23188698
0.23089771
0.28021872
0.23123032
0.23209478
0.22907017
0.22852527
0.23074368
0.23379554
0.2331603
0.22964743
0.22619015
0.22760488
0.23204234
0.23329951
0.22901326
0.22986992
0.22506951
0.22806492
0.23223624
0.23024085
0.23106502
0.22862643
0.23755357
0.23335856
0.23038186
0.22966257
0.22510284
0.22802572
0.22881933
0.23305078
0.2253679
0.22492409
0.22494759
0.2280491
0.22609231
0.22788513
0.23232295
0.23000197
0.22847244
0.22621858
0.22568902
0.2243127
0.22650787
0.22255273
0.22977073
0.23859239
0.22994183
0.22762857
0.2331334
0.22802256
0.22673465
0.23301846
0.23020051
0.23078074
0.22810216
0.23455077
0.23152547
0.2319788
0.22564796
0.22795795
0.22564973
0.22893265
0.22632062
0.23108529
0.23240793
0.22854872
0.23343882
0.22693615
0.22940506
0.23380466
0.22999999
0.23199353
0.23460035
0.23166656
0.22985262
0.23494722
0.22793655
0.23414224
0.23165412
0.23120655
0.2339369
0.23279609
0.23075229
0.22898355
0.23523541
0.23750058
0.22916503
0.2349968
0.23505408
0.22976582
0.23709074
0.23174885
0.23127717
0.23438762
0.2306456
0.23091844
0.22858132
0.23065418
0.22697113
0.23206614
0.22906753
0.22365999
0.22839047
0.22806504
0.22687398
0.22799134
0.22872356
0.22669628
0.22833419
0.22597043
0.23243164
0.22634159
0.22622043
0.22473305
0.23845212
0.22792731
0.22619243
0.23328865
0.2328302
0.23046064
0.2301407
0.23133124
0.24031243
0.22848548
0.23017292
0.23203164
0.2379578
0.22971025
0.23081681
0.22828296
0.22956942
0.2282477
0.23080136
0.22784199
0.22528559
0.23098928
0.2262975
0.2278435
0.22840331
0.22603476
0.227762
0.23083173
0.23073113
0.22629611
0.22613785
0.22522594
0.23661493
0.23425798
0.2272839
0.23397176
0.23227005
0.22703446
0.22458285
0.22635055
0.22489794
0.2336341
0.22853315
0.22598307
0.22974074
0.23289715
0.23027165
0.2289977
0.22580314
0.23576096
0.22859064
0.22707473
0.22510183
0.22956552
0.22690566
0.22974849
0.22559558
0.22916943
0.22757448
0.23102497
0.23134571
0.22773984
0.23335128
0.22617227
0.22796905
0.23007736
0.2268295
0.23784214
0.23271267
0.23112148
0.2292581
0.23090251
0.22962697
0.22927168
0.23240238
0.24567728
0.22439481
0.2297359
0.22518246
0.22800794
0.22811939
0.23075156
0.22653367
0.22947852
0.23093572
0.23068169
0.23486304
0.23095202
0.22831778
0.23144025
0.23747246
0.23526885
0.22852452
0.22861908
0.22931503
0.2320943
0.23178011
0.2319564
0.23207778
0.23231596
0.2324119
0.22647785
0.23060744
0.23099786
0.23102562
0.23062919
0.22728561
0.2407856
0.22832213
0.22858824
0.23359685
0.2336231
0.22946425
0.22618516
0.23008904
0.22995198
0.22964846
0.23185275
0.22888249
0.225669
0.2285814
0.23487973
0.22764646
0.2294589
0.23301713
0.2341186
