0.57572037
0.56975406
0.5781403
0.56767607
0.5714634
0.577687
0.58666766
0.56025296
0.57345843
0.56066334
0.55559176
0.553839
0.5732118
0.5510441
0.5485616
0.5545416
0.55327296
0.5512194
0.5494608
0.5400879
0.53648305
0.54000384
0.52917624
0.5247336
0.53837377
0.5173103
0.5220687
0.51270294
0.56632745
0.5088768
0.53159374
0.50872254
0.5118722
0.51609194
0.49760428
0.49444094
0.5206342
0.47593004
0.4820708
0.47068903
0.4626486
0.4742135
0.46968254
0.4652871
0.46102756
0.45358557
0.45333388
0.45393598
0.45837247
0.44337696
0.45200893
0.43880537
0.45278856
0.43178022
0.4348883
0.42644048
0.43130517
0.42811197
0.41888207
0.4377494
0.41617566
0.4267496
0.4263611
0.40822518
0.4150712
0.41992912
0.42466086
0.40155685
0.4049232
0.3924898
0.3979286
0.39111692
0.39761272
0.4001731
0.38881406
0.4020793
0.38428304
0.3871391
0.37806255
0.3748803
0.38892296
0.38815886
0.37550047
0.3821159
0.37734598
0.3873096
0.3912433
0.37593234
0.36844128
0.37074968
0.36836246
0.3683366
0.3561366
0.3636438
0.36050534
0.35598022
0.35574222
0.3706451
0.36926484
0.37229288
0.35249537
0.35413584
0.35239252
0.3551961
0.34878102
0.35648617
0.34707567
0.3507183
0.35577536
0.34796602
0.3433088
0.35964718
0.34452268
0.34170508
0.3481375
0.33968592
0.34801328
0.3454091
0.33713597
0.34260562
0.34632912
0.3439299
0.3476152
0.33902442
0.34072685
0.34038302
0.33732778
0.34875742
0.3404518
0.33859769
0.33383927
0.33328575
0.33453065
0.3362977
0.33253264
0.33110034
0.3426423
0.33034453
0.33643952
0.3353801
0.34085953
0.336717
0.3351862
0.32608333
0.3349405
0.32676154
0.3289099
0.33854926
0.3244327
0.32717273
0.33011767
0.33676025
0.3207578
0.32603598
0.32455277
0.32275835
0.31875706
0.31867102
0.32466546
0.32933325
0.32272908
0.32507062
0.32875144
0.31893185
0.31858358
0.3176898
0.31797785
0.3174779
0.32257682
0.327809
0.3199202
0.3245738
0.33141375
0.31944746
0.3263219
0.31522903
0.32092994
0.3136407
0.32011044
0.3148491
0.30979753
0.31411564
0.3268104
0.3101621
0.31118026
0.3129281
0.3225344
0.32540217
0.31431028
0.30992818
0.3161458
0.3153926
0.31209776
0.31283036
0.3123953
0.30934006
0.3145417
0.31161034
0.30596364
0.31369337
0.30126587
0.3072374
0.3105124
0.31296545
0.3067692
0.3097922
0.30688104
0.30809537
0.30725768
0.3038734
0.31062114
0.30693024
0.30322164
0.305326
0.3051074
0.29882059
0.30734742
0.30605578
0.29685995
0.30576783
0.31660125
0.29997644
0.30164805
0.29886743
0.30288583
0.30222836
0.30131713
0.29720557
0.3062529
0.296738
0.30477697
0.29659006
0.2960672
0.30363783
0.29451823
0.30524316
0.29209492
0.29471678
0.2997978
0.29311508
0.3024679
0.3045704
0.29031542
0.28810045
0.29232723
0.2922971
0.28827146
0.29927424
0.28893426
0.2952406
0.29214615
0.29648328
0.2907343
0.2931476
0.30547208
0.29913095
0.28998914
0.2945739
0.2940252
0.29176322
0.28964254
0.28971344
0.28605515
0.28707412
0.28892255
0.2899931
0.2884037
0.29659042
0.28642422
0.28926462
0.29055637
0.28560725
0.2810897
0.29274628
0.29050463
0.28557616
0.29030135
0.2888362
0.29402107
0.29039195
0.29389042
0.29447144
0.283645
0.28651607
0.2879533
0.28942665
0.29642484
0.2808143
0.28810737
0.28693163
0.28833717
0.28477412
0.28448597
0.278859
0.2830934
0.2878275
0.27915442
0.28377864
0.276855
0.28531644
0.28463936
0.28745058
0.28481737
0.28302458
0.28671443
0.28221947
0.28792977
0.28070822
0.28790814
0.28159675
0.27637443
0.28220433
0.28965202
0.28788754
0.28484544
0.2813055
0.29082417
0.28011844
0.28599867
0.2802548
0.27629587
0.28255495
0.27624193
0.27753863
0.2830472
0.2810937
0.2817422
0.27579227
0.27947682
0.28457382
0.27966464
0.2796467
0.27893248
0.28138167
0.28006655
0.2776863
0.2734817
0.2811341
0.2785955
0.27932718
0.27412513
0.2738783
0.27456263
0.2835854
0.28517506
0.278522
0.28116527
0.27487442
0.27171576
0.27824187
0.2785886
0.26815763
0.28418085
0.27730578
0.2778218
0.27442777
0.28296456
0.27863473
0.27098057
0.2696559
0.27549094
0.2713047
0.2776277
0.26789242
0.2766012
0.2802147
0.2708695
0.26889455
0.28088164
0.27467954
0.26957414
0.26788968
0.26486322
0.27243075
0.27949557
0.27171642
0.27703908
0.2705118
0.27301237
0.27084732
0.27419958
0.27172607
0.26775002
0.28173363
0.27086475
0.2719417
0.27697328
0.2687127
0.27200037
0.27229917
0.27507138
0.27004445
0.27144665
0.27285942
0.27049983
0.2682126
0.2862292
0.2676428
0.26520926
0.27409488
0.26302972
0.2708381
0.2806987
0.2748587
0.27674544
0.2760918
0.2694196
0.2756273
0.27237594
0.27248946
0.26724997
0.31813842
0.27006438
0.2712573
0.26581508
0.27143854
0.26797163
0.2744274
0.26114452
0.27314028
0.27355915
0.26582986
0.27093992
0.2746093
0.26704237
0.26966897
0.26532024
0.2596152
0.26603952
0.26606578
0.26345432
0.2774572
0.27189174
0.268962
0.27010736
0.26443243
0.27181304
0.26790705
0.27085462
0.2728998
0.2735657
0.2862026
0.26486796
0.26491994
0.26896197
0.26928395
0.25995326
0.26538324
0.27346534
0.2633573
0.2673737
0.2724933
0.26614708
0.26447314
0.27046984
0.27224034
0.26498032
0.2593302
0.26780054
0.26893857
0.2662865
0.26724604
0.26757473
0.26208678
0.2670894
0.26164746
0.27521804
0.2696008
0.2675145
0.26844963
0.26760116
0.26301175
0.27619585
0.2675919
0.2628362
0.26397157
0.26541412
0.26130727
0.26209122
0.26201975
0.26685855
0.2656173
0.26458633
0.2686933
0.27435872
0.26505625
0.26302198
0.2675428
0.26313198
0.2706847
0.26645184
0.26819628
0.2573541
0.26150683
0.26183954
0.26594275
0.25939798
0.258609
0.2617771
0.26128045
0.262741
0.2599111
0.25856972
0.26737255
0.25745726
0.259823
0.2729908
0.26148465
0.2564571
0.25903165
0.26081073
0.2663983
0.26494032
0.26081812
0.2625439
0.2614519
0.25729537
0.25871438
0.2641723
0.2615953
0.26173055
0.2549504
0.25854218
0.257075
0.26030344
0.25460428
0.25628915
0.26589674
0.25802895
0.25641373
0.25757325
0.26516464
0.26084015
0.26227182
0.26237503
0.2647771
0.262478
0.26180345
0.25564507
0.26408604
0.257576
0.25511536
0.25167686
0.2653883
0.25514358
0.2603716
0.25839645
0.2591931
0.2576482
0.25870103
0.25633526
0.2566449
0.25605017
0.261568
0.25819007
0.251614
0.259572
0.25897792
0.2594176
0.26763606
0.25576106
0.25679907
0.25756344
0.25577876
0.25422192
0.25782016
0.25411105
0.25595
0.2531277
0.26064906
0.25959727
0.25739554
0.25746804
0.25395536
0.25783247
0.26201227
0.256874
0.26093212
0.26477438
0.25727805
0.26780725
0.26230967
0.25830257
0.25938755
0.25706753
0.26148504
0.25373328
0.25959274
0.26390406
0.262024
0.26011482
0.2545987
0.25038266
0.26435003
0.2636457
0.25419047
0.2536232
0.25622073
0.25432116
0.25490138
0.25496235
0.25657248
0.25403735
0.2549151
0.2572403
0.25535294
0.25544104
0.25528863
0.2623345
0.24987502
0.25316408
0.2506489
0.25422513
0.2512358
0.25405714
0.25331333
0.24854831
0.25632915
0.25341344
0.25303215
0.25421676
0.25647354
0.25045493
0.26474
0.2537614
0.25251618
0.26022044
0.24819405
0.2512115
0.25158635
0.25237963
0.25551915
0.2516625
0.2536657
0.254741
0.25131005
0.25280136
0.24828012
0.24902093
0.25120327
0.25499645
0.25618497
0.2517243
0.2511669
0.25081232
0.25247023
0.2499513
0.24921893
0.2501405
0.24887739
0.25231293
0.2559649
0.25736275
0.25585634
0.26189375
0.25390047
0.2571084
0.25477654
0.2554195
0.25800627
0.25750837
0.25481424
0.25857154
0.25550446
0.25403965
0.2582809
0.25765595
0.2515515
0.25182286
0.2511718
0.25402972
0.2497327
0.2488457
0.25372234
0.25701252
0.24915175
0.25240928
0.25186712
0.25211945
0.2595127
0.2523928
0.25919226
0.25105193
0.25226027
0.25718218
0.25300026
0.26058295
0.25303796
0.24978533
0.25417686
0.25615725
0.2566706
0.24895896
0.25288695
0.25615165
0.25058416
0.26283866
0.2511572
0.25125933
0.25415468
0.24897277
0.2523504
0.25709578
0.25095415
0.25157416
0.2577795
0.24878252
0.25661996
0.25284526
0.24910043
0.25035578
0.2543579
0.2558521
0.25388715
0.26058826
0.26121137
0.25654268
0.2536124
0.2548145
0.24761428
0.2466593
0.2505099
0.2500984
0.25233942
0.25511193
0.2675055
0.25284
0.25151584
0.25373244
0.25855812
0.24890532
0.25373107
0.2535062
0.25675336
0.25179648
0.2614645
0.24813913
0.25228867
0.2486714
0.2546847
0.25758892
0.24921055
0.24761404
0.25181657
0.25503764
0.2551135
0.2504661
0.2522177
0.25515133
0.2502212
0.2516536
0.2579723
0.25269112
0.257928
0.26032037
0.25768265
0.2788459
0.26362798
0.2540387
0.25766543
0.2890182
0.26044342
0.25236988
0.25002033
0.25238702
0.25331324
0.25221026
0.25566077
0.2544143
0.2511042
0.26209897
0.2498156
0.24412575
0.24888231
0.2608298
0.25372726
0.2574462
0.25603816
0.24801907
0.2551306
0.25161743
0.25165847
0.25003198
0.25073913
0.25682217
0.25011814
0.2500963
0.248985
0.25518814
0.25465542
0.25985715
0.25574356
0.255916
0.26183766
0.24796338
0.25526738
0.2525608
0.24844974
0.25409022
0.25794274
0.25747257
0.25789836
0.2526009
0.2537914
0.24981
0.24888717
0.25146338
0.24887905
0.25459588
0.24572092
0.2616545
0.2494365
0.25140887
0.24671605
0.24913992
0.24898206
0.2475006
0.25349167
0.25037006
0.25352913
0.24729618
0.25125486
0.25229877
0.25795045
0.24952035
0.2706098
0.25705993
0.2526725
0.25208768
0.2485854
0.24747549
0.26606312
0.25339997
0.24916434
0.26154205
0.2813099
0.2788871
0.26532173
0.2534447
0.27881506
0.25519124
0.25039583
0.2560797
0.25420737
0.2469868
0.2518579
0.25743628
0.25017652
0.24842313
0.25223342
0.25359845
0.24741918
0.25325364
0.25859636
0.25350678
0.25121206
0.25850436
0.2565295
0.25243086
0.27054664
0.25673735
0.25619295
0.2582571
0.25413024
0.2528248
0.25996763
0.2558775
0.2508137
0.25975382
0.25392535
0.25079405
0.26231983
0.25365183
0.25103128
0.2546997
0.25899556
0.2600292
0.25443155
0.259471
0.25841823
0.2580393
0.25595
0.26308408
0.2607148
0.25589767
0.25928307
0.26063854
0.25684196
0.25915277
0.25121287
0.25509706
0.25704268
0.2527775
0.25985593
0.2608499
0.25445348
0.25408086
0.2534558
0.25396767
0.25708702
0.2523882
0.25984132
0.25787985
0.25061554
0.25971052
0.25915474
0.25086772
0.26821977
0.25705537
0.25512543
0.27327383
0.25030583
0.2538666
0.2606416
0.2532686
0.26325464
0.24930595
0.25556597
0.26267147
0.25484285
0.2611538
0.2462612
0.25213617
0.24748936
0.25010258
0.2517165
0.25269794
0.25503668
0.25964245
0.24746759
0.24763572
0.25113988
0.25466427
0.24782474
0.25110978
0.254511
0.25515118
0.2542882
0.25082546
0.24584782
0.24558815
0.24918093
0.24984495
0.2695294
0.24607506
0.24928664
0.24671029
0.2524985
0.24859758
0.24989246
0.25081563
0.24687502
0.2683527
0.25162876
0.253639
0.24630949
0.24952427
0.24784994
0.256953
0.24809371
0.24927254
0.25580013
0.24823014
0.25093043
0.24937814
0.24911055
0.24422234
0.24589217
0.24849854
0.25534582
0.24917765
0.2547029
0.24439971
0.25202802
0.24862835
0.26677057
0.24943118
0.24871717
0.24483976
0.24554317
0.24572383
0.2581599
0.24644601
0.24642974
0.24826784
0.24618146
0.24941394
0.2493044
0.25324127
0.24728619
0.25294945
0.24919337
0.24794105
0.24369588
0.23968533
0.26641455
0.2621274
0.25736484
0.2516915
0.24970451
0.25243318
0.27468234
0.26282564
0.26113966
0.25995743
0.25597924
0.24672204
0.2515371
0.2565513
0.25766248
0.24778496
0.2445732
0.25460526
0.25110012
0.24897434
0.251118
0.24587217
0.24266022
0.24308342
0.24715811
0.2528243
0.24516763
0.24898532
0.24810416
0.24902558
0.24708931
0.24343053
0.24995972
0.241431
0.24106611
0.24882464
0.24054539
0.24788502
0.24639606
0.24669379
0.24927095
0.25640193
0.24223182
0.24689896
0.24591321
0.24649383
0.25213933
0.23973095
0.25090858
0.24838322
0.24646959
0.24879713
0.24535917
0.24616335
0.2556628
0.2561729
0.25209886
0.2534996
0.24629085
0.25245884
0.25165737
0.24411751
0.24600509
0.24743576
0.25677964
0.2451882
0.25331488
0.24035226
0.24574469
0.24594525
0.2454049
0.24644423
0.25283962
0.24971318
0.24470328
0.24396054
0.24345194
0.24210735
0.24242508
0.24305226
0.24051207
0.24153823
0.24346824
0.24641195
0.24749362
0.2461665
0.26273397
0.24188599
0.24560596
0.24151513
0.24613577
0.24052978
0.25028193
0.242198
0.25356618
0.24758524
0.24069312
0.2460414
0.2471637
0.24881305
0.2503342
0.26661298
0.2486715
0.24733675
0.26176834
0.24824296
0.24119402
0.23908429
0.23935878
0.2411294
0.23594478
0.24871008
0.24677451
0.24898386
0.2582588
0.24476257
0.25180176
0.2606735
0.24524894
0.2518364
0.25137064
0.24969177
0.2472058
0.25063682
0.24571563
0.26291704
0.24352798
0.24936257
0.25428241
0.25536972
0.24153362
0.24337664
0.24725205
0.25556985
0.24294211
0.25015825
0.24629746
0.24471302
0.24504386
0.2527375
0.25130135
0.24835938
0.24924189
0.24917732
0.24938135
0.24717169
0.2453176
0.24536867
0.24834675
0.24767245
0.2501877
0.24690391
0.24904335
0.24659434
0.24369584
0.24949044
0.24956219
0.2519172
0.24629577
0.24761312
0.25189772
0.25111392
0.25749984
0.24596095
0.2464304
0.26100603
0.24813108
0.24408892
0.24714816
0.24641249
0.24495766
0.24306525
0.24616714
0.25615016
0.24650499
0.24514326
0.24717058
0.24375403
0.24739319
0.24119896
0.24618375
0.24395074
0.24633445
0.24437763
0.2472294
0.24445356
0.24344869
0.24984671
0.24867204
0.24449089
0.26292253
0.2428703
0.24866132
0.2651633
0.24961302
0.24694043
0.24592009
0.25292185
0.25116628
0.247134
0.24175262
0.25442764
0.2481146
0.24254172
0.24575812
0.24737936
0.24833244
0.24930362
0.24423172
0.24790332
0.24835742
0.24473555
0.24615623
0.25187498
0.24611466
0.2460731
0.25373027
0.24663933
0.2452923
0.24810666
0.2409608
0.249455
0.2493931
0.2458912
0.2478571
0.24735513
0.24022557
0.25178203
0.24635527
0.25426883
0.25237444
0.24240063
0.25656798
0.24242231
0.24176624
0.24033153
0.24673304
0.24109046
0.24726643
0.2460247
0.24302821
0.25561956
0.24099079
0.24464491
0.24087869
0.24758258
0.2449564
0.24599195
0.24406742
0.24056055
0.24163151
0.25944173
0.2448443
0.24060361
0.24480584
0.24496885
0.24197608
0.25158694
0.24563041
0.25161672
0.24771044
0.24097562
0.2414027
0.23902118
0.24810883
0.24126104
0.23844047
0.23914467
0.24225806
0.23643786
0.23863123
0.25018954
0.24209742
0.25129235
0.24223715
0.2437398
0.23867157
0.24596965
0.24543498
0.24243698
0.25434095
0.23949762
0.23974644
0.24847937
0.24262337
0.24542549
0.2437578
0.23944606
0.24643202
0.25259545
0.24147062
0.24429451
0.24239977
0.24216852
0.2386031
0.23780003
0.24590556
0.24360211
0.2402084
0.24034232
0.24547994
0.24072212
0.24444951
0.24906911
0.24255887
0.25151372
0.24537738
0.2445619
0.24520308
0.25254378
0.2440172
0.24803998
0.24975614
0.25177354
0.24639517
0.24273263
0.24549973
0.2438084
0.24631819
0.24039
0.25204605
0.23406014
0.23997729
0.23685507
0.24163298
0.24377985
0.2552532
0.24121088
0.2400731
0.24550879
0.23807527
0.23761746
0.23744906
0.25240326
0.24071194
0.24472693
0.24421982
0.24582405
0.2376939
0.2411402
0.2452396
0.24637863
0.24136135
0.24189484
0.23765306
0.24310963
0.2390745
0.25227717
0.23887756
0.24187367
0.23752792
0.24709298
0.2409721
0.24263093
0.24052958
0.24203557
0.23759523
0.23867059
0.242683
0.24210465
0.24262601
0.23934524
0.24427913
0.23669754
0.24164216
0.2541475
0.23528607
0.24096169
0.24395043
0.23758115
0.24189675
0.24099734
0.24657816
0.23518948
0.23493263
0.23845607
0.24876568
0.23971279
0.2404852
0.23416594
0.23825963
0.23828417
0.23360777
0.23820888
0.24116056
0.2418654
0.23989375
0.24175197
0.23901987
0.2361215
0.23971643
0.24590357
0.25009233
0.23862903
0.2405168
0.23678656
0.27503866
0.24057893
0.24579154
0.23721725
0.2393041
0.2538437
0.24579418
0.23606256
0.23478311
0.2457691
0.23765445
0.24810405
0.24956745
0.24039802
0.23760097
0.24646987
0.2425453
0.23363414
0.24611148
0.24208008
0.25749856
0.24037762
0.24597244
0.24381919
0.24832445
0.23950055
0.24119742
0.2431781
0.23847248
0.24059069
0.2366239
0.23398726
0.24365236
0.24519812
0.24566166
0.23448788
0.2388076
0.23499414
0.2403428
0.24224587
0.24049096
0.2364639
0.23584163
0.24034078
0.23836008
0.24050777
0.2381764
0.2569069
0.26296723
0.23619622
0.24266227
0.24266066
0.24575916
0.24200088
0.24379934
0.24039817
0.23473398
0.2372304
0.24117121
0.23876968
0.23535192
0.24881828
0.24191785
0.25004706
0.2396043
0.24284926
0.24659696
0.24165761
0.23714249
0.23718236
0.23980872
0.2451555
0.2393211
0.2329946
0.24507123
0.24317172
0.24251506
0.23869157
0.23918413
0.24324918
0.2422323
0.23974639
0.23634374
0.24278302
0.24365878
0.24085799
0.23416924
0.23931514
0.24916969
0.2436838
0.23894794
0.24568592
0.23653477
0.24212763
0.23088634
0.23520328
0.24045607
0.2406196
0.23841137
0.24034105
0.23635718
0.24097978
0.23616946
0.2414465
0.23450111
0.2370879
0.23847991
0.2412908
0.24411924
0.2430068
0.24207667
0.24319214
0.24098128
0.24419083
0.23967178
0.24456547
0.24291441
0.24175183
0.24425994
0.24403366
0.24606831
0.24827789
0.23990756
0.23657557
0.24159253
0.23585077
0.23731028
0.24188209
0.23645534
0.2370154
0.24638084
0.241343
0.23222165
0.23612544
0.25114703
0.24262197
0.23830512
0.27650958
0.23517895
0.2385214
0.23152342
0.23892745
0.23029165
0.23852353
0.24215071
0.24031144
0.24083516
0.24163742
0.23233114
0.24480416
0.23888768
0.24055426
0.24044886
0.23527156
0.2449187
0.23949958
0.23880364
0.23407102
0.23299573
0.23813914
0.24381782
0.23991698
0.23544922
0.23717666
0.24869187
0.24147773
0.26028425
0.2462657
0.24900049
0.24813814
0.24665506
0.24498422
0.24008502
0.24343058
0.24138539
0.24280234
0.23628616
0.23580207
0.26955318
0.2413327
0.23778272
0.23764825
0.24225885
0.23795995
0.2367699
0.23235504
0.24282287
0.25539592
0.24373226
0.23781383
0.24285513
0.24280638
0.240263
0.23915745
0.24871776
0.24240422
0.2427347
0.25215614
0.24325708
0.24506882
0.23971455
0.24171713
0.23721501
0.24222746
0.24036205
0.24058396
0.23853526
0.24444085
0.23910983
0.24128304
0.23993559
0.24114238
0.25117695
0.23514189
0.24447903
0.2377071
0.24339226
0.23740491
0.24863036
0.24149205
0.25370303
0.24530743
0.24284683
0.24678484
0.24308006
0.2445161
0.24171354
0.24019772
0.25267023
0.23644309
0.24896246
0.24217154
0.24048473
0.23872997
0.24035965
0.24454553
0.24055018
0.24446636
0.25536704
0.2388862
0.2431213
0.23782834
0.2402391
0.23700862
0.23871933
0.24530092
0.24538723
0.23868473
0.24099419
0.24059106
0.23608811
0.24907364
0.2428506
0.24404389
0.24137591
0.24122691
0.2334961
0.24718656
0.2510727
0.23764922
0.24519487
0.24410799
0.24835624
0.23730072
0.23856804
0.23411831
0.23897499
0.24140908
0.2392203
0.24542843
0.24180827
0.23907375
0.23971216
0.24163029
0.24140735
0.24181838
0.25484195
0.24294752
0.23623845
0.23649342
0.24822974
0.23962094
0.24210496
0.23702855
0.26839024
0.2467148
0.24145877
0.2408487
0.2396601
0.24426442
0.24165872
0.23457398
0.24341093
0.23766555
0.24150419
0.24040963
0.23601188
0.2507323
0.23868188
0.23764907
0.23945731
0.24484773
0.23934385
0.2388885
0.24637301
0.24081011
0.25014335
0.24427895
0.24415275
0.2387183
0.2441358
0.24112542
0.2393653
0.23580098
0.24268752
0.23808901
0.2387194
0.24221282
0.24428824
0.2390551
0.2389157
0.2362457
0.23600276
0.23534603
0.23862383
0.23808403
0.23445456
0.24511704
0.23954761
0.23963983
0.24094467
0.23621522
0.23669487
0.23738419
0.23712334
0.23875244
0.24173288
0.2443924
0.24098912
0.24061471
0.24525478
0.23787914
0.24461845
0.23539743
0.24571995
0.23973003
0.2420228
0.24124107
0.23852277
0.24134175
0.23822303
0.24446975
0.24008396
0.24766147
0.24693689
0.24097633
0.23848781
0.23952688
0.23988792
0.24154323
0.23694512
0.2573046
0.24878809
0.2467012
0.23984802
0.23659378
0.24012467
0.24423201
0.23601304
0.24538226
0.24617368
0.24110767
0.2482071
0.23735388
0.23614725
0.23773278
0.23737942
0.24034038
0.24870126
0.24896114
0.23377277
0.23592655
0.23422399
0.24220741
0.24384125
0.24109438
0.24197565
0.23684703
0.23073728
0.23579675
0.23709953
0.24263462
0.23912142
0.24268924
0.24863563
0.23886982
0.23558928
0.23997526
0.2437225
0.23634247
0.24090794
0.23515165
0.24715024
0.23832165
0.24627806
0.24234238
0.24661328
0.23781423
0.24683411
0.23967212
0.25006366
0.24825995
0.24798378
0.24779579
0.24418035
0.23406482
0.2448717
0.24243397
0.24465394
0.2355799
0.2864874
0.23386857
0.24892335
0.23941232
0.24344283
0.2437229
0.23951735
0.24282612
0.236264
0.2387463
0.2477784
0.23915291
0.24156906
0.23488328
0.23647858
0.23696782
0.23859575
0.24793619
0.23934558
0.24715559
0.23838075
0.23394309
0.24364418
0.24079055
0.24393626
0.24047565
0.23878048
0.23669755
0.24758814
0.24071291
0.24494447
0.23614965
0.23808022
0.24108899
0.24304077
0.24166816
0.23949184
0.23679623
0.242639
0.23828992
0.24403352
0.24280626
0.2410972
0.24286157
0.24555565
0.24360451
0.2485312
0.25300512
0.2422126
0.24499904
0.23644215
0.23735078
0.2492408
0.23643589
0.23900333
0.2468166
0.2424233
0.25025603
0.240115
0.24240825
0.23726657
0.2416485
0.24121842
0.24875414
0.24170804
0.23673594
0.23551145
0.23872791
0.23624381
0.23683493
0.23182896
0.24484372
0.23694822
0.24060856
0.24098484
0.2401666
0.24452068
0.24207786
0.23974225
0.24463177
0.244044
0.24118452
0.23650713
0.2406392
0.23332831
0.24094418
0.24483271
0.24382882
0.23704965
0.23826794
0.25103423
0.23666981
0.2415773
0.23652354
0.23822467
0.24283789
0.2409743
0.23886243
0.23687615
0.24161895
0.24767672
0.24351212
0.24047305
0.24160886
0.2458272
0.24637683
0.24199748
0.23949137
0.24732466
0.23942557
0.24004789
0.24143521
0.2419462
0.23901628
0.24534903
0.2513532
0.23723254
0.24160491
0.25196254
0.23593943
0.24416971
0.2447081
0.23741437
0.24536125
0.24660537
0.24909313
0.25263926
0.2456039
0.2387992
0.24135019
0.24207848
0.24510443
0.24028836
0.23723592
0.2457026
0.24106984
0.23723435
0.23525499
0.23587094
0.23598607
0.24503793
0.24055839
0.2453617
0.2458703
0.23721354
0.23813838
0.2389023
0.24122962
0.2422156
0.23571067
0.23411398
0.2400358
0.23703505
0.23475063
0.23731776
0.24111184
0.23317055
0.23812768
0.27099702
0.2373654
0.23726681
0.24204662
0.24001691
0.23641707
0.24674834
0.23757249
0.23759304
0.24194112
0.25220254
0.24498217
0.24633542
0.25339216
0.24286313
0.24137418
0.2471597
0.24663778
0.24342665
0.24462914
0.24494955
0.24076787
0.23788798
0.23834798
0.23862931
0.2434044
0.24020925
0.23946492
0.24061617
0.24706313
0.23889504
