0.62141496
0.5900322
0.5774915
0.5891569
0.5787277
0.5681209
0.57517284
0.5822473
0.5577653
0.56485295
0.5608159
0.57527447
0.56211597
0.54895586
0.5468051
0.5630859
0.5711461
0.6064944
0.56031597
0.53627884
0.53364825
0.5680313
0.557527
0.5391595
0.53368354
0.52210414
0.5171008
0.51548845
0.5161216
0.5133128
0.50557727
0.502852
0.4952444
0.50388676
0.48161638
0.4953356
0.4803871
0.46893907
0.472837
0.47195947
0.46780875
0.47162652
0.4596752
0.46906364
0.45084897
0.45165628
0.45338368
0.44014063
0.43971837
0.44904122
0.44317353
0.43824372
0.44351292
0.43353516
0.43974054
0.43174183
0.43968907
0.43272436
0.41762254
0.41101637
0.41340524
0.41707146
0.4046729
0.4106598
0.412672
0.3931394
0.39438534
0.39428335
0.4069576
0.38897857
0.40169024
0.38750026
0.3869157
0.4064383
0.3841516
0.37909004
0.382649
0.37705344
0.381734
0.36236736
0.37237927
0.37176368
0.37670308
0.37661386
0.37087533
0.36478543
0.3709353
0.36072844
0.37238026
0.35679644
0.3656817
0.3601429
0.35745394
0.35964698
0.3633039
0.3658466
0.36650816
0.36033422
0.3586715
0.35781088
0.36620528
0.3548067
0.34802234
0.34816915
0.35408396
0.34857088
0.35833594
0.35588497
0.3512076
0.35110041
0.3497011
0.35477892
0.34291124
0.3433681
0.34399536
0.35076928
0.3456911
0.34637436
0.34975246
0.34442103
0.3460523
0.33777478
0.34649304
0.34361354
0.3374379
0.35612023
0.34173065
0.34239894
0.34438288
0.3391938
0.3394729
0.34208527
0.33594766
0.33534774
0.3395072
0.3344944
0.33700895
0.3368874
0.3346992
0.3315917
0.33073393
0.33032185
0.3325823
0.3294891
0.33185235
0.33562642
0.32823437
0.33482683
0.32749936
0.329679
0.33234763
0.32195166
0.33263406
0.3301015
0.3294347
0.32718965
0.32360536
0.3295004
0.31899625
0.32932046
0.32458156
0.32545894
0.3242669
0.32783636
0.3240398
0.32409877
0.3242611
0.32087362
0.3187288
0.32260108
0.3221685
0.31966949
0.320038
0.3174469
0.32897007
0.3175835
0.32561427
0.31384704
0.3157862
0.3158079
0.32220614
0.31755945
0.33620897
0.32001975
0.3253991
0.31406674
0.31603488
0.32068387
0.31206736
0.31465945
0.31218925
0.32206154
0.31334874
0.31579572
0.31563592
0.3114309
0.30865464
0.30709398
0.31437072
0.3096704
0.32159448
0.3158979
0.3119864
0.31942606
0.30823243
0.30726716
0.31231454
0.3032376
0.30706057
0.3100716
0.3076715
0.3238349
0.31199276
0.31442422
0.30862045
0.3065517
0.31155393
0.30997112
0.3109144
0.30868167
0.30427474
0.309722
0.3078415
0.3075978
0.30871078
0.31087628
0.30251193
0.31122428
0.3068226
0.30219805
0.3036448
0.30243894
0.305006
0.3014129
0.30714983
0.30475655
0.30743402
0.29935998
0.30607504
0.30768788
0.3035147
0.30346265
0.3062041
0.31407523
0.30611774
0.30467227
0.3079841
0.29916602
0.29947478
0.30584332
0.3025846
0.30280706
0.30622154
0.30763063
0.3145584
0.30571795
0.2966301
0.29876456
0.30541503
0.2987829
0.29766116
0.2960156
0.29860008
0.29951137
0.3035964
0.2950363
0.29399833
0.29574645
0.29615715
0.29250237
0.30142677
0.2983298
0.30040175
0.3022019
0.293371
0.29976106
0.2931902
0.29729992
0.28976172
0.30039814
0.30726582
0.300474
0.30109513
0.29436365
0.30210403
0.2972403
0.28930378
0.30013028
0.2990107
0.29892206
0.299807
0.2946871
0.2947197
0.29465148
0.2922925
0.29036486
0.29510447
0.2861805
0.29283327
0.28999105
0.29568252
0.2947996
0.2917917
0.29476342
0.29046708
0.2903992
0.29138884
0.2914562
0.29489005
0.29618135
0.28845596
0.29372573
0.29684606
0.2863708
0.29887584
0.28869104
0.29175338
0.28687117
0.2874028
0.29357368
0.2889754
0.29347438
0.29117858
0.29092756
0.29200897
0.2901358
0.28743565
0.28927526
0.28673166
0.29337233
0.29760155
0.29540285
0.29398623
0.29675773
0.28953755
0.291428
0.28471783
0.2951426
0.2855562
0.28650618
0.28753132
0.2916813
0.2919705
0.28809175
0.2867231
0.28827336
0.2829721
0.29637483
0.28788203
0.28231534
0.30642387
0.29621318
0.28688937
0.28669283
0.28638685
0.28150794
0.28364402
0.2866992
0.28516185
0.28427145
0.28336138
0.28246784
0.28602922
0.2793153
0.28214636
0.28082687
0.28431496
0.2813676
0.2779515
0.2880003
0.27712002
0.28318998
0.28098163
0.27885684
0.28165948
0.28931686
0.2867864
0.28650188
0.28924736
0.28061527
0.28970516
0.2806812
0.27731505
0.27872548
0.27913707
0.2820747
0.28264865
0.28089836
0.2919107
0.27899632
0.28020427
0.28477597
0.2806837
0.28723225
0.27920666
0.27741817
0.27990377
0.27700296
0.2819855
0.2839806
0.28883597
0.3281889
0.28146985
0.2826688
0.27070865
0.28185406
0.28113803
0.2798063
0.2837504
0.28112233
0.28776544
0.27741292
0.27502427
0.27734774
0.28449786
0.27360994
0.27709728
0.2741486
0.279053
0.27037057
0.28039458
0.27903342
0.28061667
0.2736362
0.27505967
0.27645487
0.28036106
0.27674147
0.2763598
0.2740397
0.27736548
0.2808954
0.27943903
0.2791477
0.27770942
0.2749183
0.27796274
0.27532625
0.27870238
0.27283078
0.27982914
0.2764769
0.28610054
0.27424026
0.27187243
0.28087676
0.2768125
0.27922013
0.27823204
0.27525455
0.27988946
0.27147007
0.27955106
0.280116
0.27423647
0.2786424
0.27397558
0.2963396
0.27516225
0.28174743
0.27175605
0.2797769
0.27717438
0.27510396
0.2740635
0.27234542
0.27219617
0.27018684
0.2717908
0.2744546
0.2752248
0.27889016
0.27083942
0.27351958
0.27301392
0.27786157
0.27354392
0.27301916
0.27325892
0.2711142
0.27767882
0.28116265
0.2800581
0.27271575
0.28130838
0.27358943
0.27624843
0.2767247
0.269035
0.2703004
0.26952296
0.27183014
0.27210152
0.27216315
0.27265656
0.27300876
0.27253032
0.2715242
0.27433556
0.2694595
0.26860255
0.28093463
0.27168795
0.2726572
0.27466294
0.26621813
0.27667812
0.26991364
0.2796554
0.28027073
0.26907018
0.2673876
0.27982685
0.27232847
0.27849132
0.27673063
0.27394044
0.2628558
0.26833382
0.2652341
0.2708788
0.27087092
0.29061627
0.2652888
0.27253184
0.27397436
0.26871338
0.27664858
0.26807672
0.2748257
0.28761622
0.26599374
0.2710685
0.26493782
0.27262685
0.26968694
0.27000144
0.26945117
0.28142715
0.2685293
0.27175304
0.2737822
0.27550906
0.2697531
0.27232283
0.26852706
0.2721806
0.27307564
0.26761404
0.27240068
0.26884916
0.26591682
0.26496655
0.26749024
0.27522504
0.2649994
0.26858208
0.2649028
0.26809573
0.267955
0.27985692
0.26985446
0.2656102
0.27750564
0.26990625
0.269313
0.27567557
0.26929927
0.27449575
0.2650082
0.2607309
0.26900643
0.27008575
0.27090698
0.26724315
0.27163598
0.2694647
0.26897302
0.26958928
0.27219784
0.26990646
0.26880592
0.26860937
0.2718558
0.27153385
0.27153617
0.26391345
0.26505405
0.2646012
0.2653881
0.27374348
0.2760412
0.2709474
0.271464
0.26945677
0.26915106
0.27252677
0.26961708
0.26583457
0.26680636
0.27086028
0.26507527
0.2638284
0.26890948
0.27846256
0.2647832
0.26788986
0.2652957
0.272566
0.27148008
0.27017778
0.2657666
0.27222404
0.26457208
0.2649785
0.26586294
0.2646873
0.26629445
0.26442608
0.26989362
0.27059612
0.26815808
0.26880723
0.26751375
0.26219428
0.26825014
0.2667278
0.26418415
0.26151678
0.26610944
0.2651062
0.2636393
0.26229855
0.26132324
0.2619164
0.27003884
0.2664378
0.26949108
0.27420115
0.26885635
0.26231155
0.27085328
0.26541469
0.26624134
0.26230457
0.26956442
0.25982982
0.25931898
0.27205136
0.26388526
0.26753083
0.26070657
0.26376745
0.2618588
0.2602115
0.26468483
0.25868532
0.26249757
0.26149148
0.264322
0.27296662
0.26011717
0.27106118
0.26774934
0.26300064
0.2683821
0.2681162
0.26489627
0.26477236
0.26613417
0.26344314
0.2560739
0.2663108
0.2649335
0.2582372
0.26023996
0.26124704
0.26044077
0.2728292
0.26436204
0.26202264
0.26580122
0.26388544
0.26155692
0.26669034
0.26281413
0.27155498
0.2646904
0.26413622
0.26605967
0.26731873
0.2654494
0.26104873
0.2682304
0.27345031
0.26329488
0.2689571
0.2667396
0.26182023
0.26363084
0.26536855
0.25910896
0.27127463
0.26169178
0.26386133
0.26371506
0.27328736
0.26566285
0.2635607
0.2595141
0.26311505
0.2626949
0.26409605
0.2682404
0.26639047
0.262856
0.25820398
0.26608703
0.25862908
0.25846836
0.2605967
0.26226524
0.26671323
0.27207413
0.26366475
0.2600061
0.2683616
0.26068124
0.26984352
0.26525915
0.27851507
0.26107273
0.25835624
0.26775053
0.26141232
0.26004785
0.26353553
0.26428384
0.27404517
0.26718166
0.26274163
0.2568012
0.25913146
0.2614858
0.2617366
0.26232594
0.2604299
0.26246288
0.26643893
0.26159766
0.26602152
0.25582802
0.26762715
0.2654235
0.26423794
0.2595069
0.25913867
0.2610737
0.26208368
0.26176196
0.26825958
0.25962952
0.26381683
0.26109758
0.25537685
0.2661436
0.2570269
0.26725176
0.2591522
0.2780049
0.2593483
0.26549998
0.26175153
0.2589697
0.26386175
0.25643942
0.26276198
0.26436228
0.2569129
0.25924554
0.25876406
0.26611665
0.25971764
0.26280057
0.25729114
0.26492906
0.26370254
0.26201898
0.26821044
0.2585948
0.26536122
0.25987187
0.26432925
0.26375785
0.25720248
0.26539716
0.26112482
0.26430714
0.26432213
0.25858784
0.25685135
0.2667213
0.26177096
0.26388672
0.26189914
0.25933167
0.26488584
0.26853743
0.2640823
0.2609627
0.25840795
0.26255068
0.26731607
0.2611865
0.26516324
0.2545331
0.2578561
0.25614727
0.2642386
0.26269868
0.26432955
0.26583427
0.2613766
0.26092663
0.2599825
0.25913516
0.26068637
0.26353216
0.26129708
0.2562421
0.25711074
0.26286694
0.25844312
0.2582541
0.2587366
0.25910524
0.26001757
0.25856718
0.2602776
0.25753394
0.26167983
0.2617917
0.25990874
0.26420093
0.26072824
0.25872183
0.25755817
0.2556894
0.25664458
0.26176128
0.25978047
0.2595249
0.26587936
0.257595
0.25875786
0.2572231
0.26687717
0.2580214
0.25871938
0.26227453
0.26016566
0.27880487
0.25851166
0.26473156
0.25920933
0.2596414
0.25405893
0.25424233
0.265848
0.25882092
0.26122814
0.2721199
0.25965095
0.26522553
0.2629315
0.25622186
0.26402417
0.25611642
0.26614425
0.25500926
0.2552429
0.25502214
0.25671268
0.2585226
0.25366876
0.25934944
0.25622773
0.2558821
0.25983047
0.2601405
0.26321217
0.26032135
0.25832504
0.25447544
0.25990808
0.25488392
0.26321095
0.25288063
0.2690929
0.25514883
0.2555007
0.25685033
0.25678676
0.26432103
0.26537135
0.2605888
0.25506335
0.26428154
0.2567724
0.26031446
0.25336596
0.2602001
0.25780115
0.25676918
0.25728548
0.25345877
0.25929537
0.2562381
0.2584875
0.2564302
0.26280868
0.25710037
0.2544252
0.25629708
0.25776145
0.25601435
0.2566717
0.25845218
0.25267273
0.2564186
0.25601217
0.25803784
0.25620273
0.26423106
0.253157
0.25486457
0.26270828
0.25855148
0.25559986
0.26025265
0.2600483
0.2608427
0.26112872
0.2651034
0.2601981
0.25792596
0.2584697
0.2585678
0.25602347
0.2588426
0.26126957
0.25999042
0.25867963
0.2549207
0.2536163
0.26060057
0.2591524
0.25351885
0.25048962
0.25861725
0.26254207
0.25704795
0.2554499
0.25941566
0.2539052
0.2628275
0.25974265
0.25688106
0.2538166
0.25942865
0.25602275
0.2575678
0.25727013
0.25943068
0.25843984
0.25889453
0.25767028
0.25217387
0.2548974
0.2558953
0.25438002
0.25876528
0.2546441
0.2558147
0.2750382
0.2521061
0.25460905
0.25387847
0.25845364
0.25892147
0.2530068
0.26938006
0.25338215
0.25199592
0.2591438
0.24729283
0.25288537
0.2503053
0.25527376
0.2518127
0.25365856
0.2570817
0.25479528
0.25282273
0.2553476
0.2552872
0.25524557
0.2522098
0.2574666
0.25025198
0.2560902
0.25149956
0.2594145
0.2516686
0.25316575
0.2537958
0.25919542
0.25534356
0.25794822
0.2519093
0.2555094
0.25242314
0.25149822
0.26808375
0.24751298
0.25178945
0.2519182
0.25389454
0.25024253
0.2504027
0.25218225
0.25707844
0.2529385
0.2577578
0.2566417
0.24798875
0.24895288
0.25004336
0.25300473
0.2492629
0.25300995
0.25317922
0.25152454
0.25126752
0.255641
0.24997096
0.25605047
0.25055358
0.25208035
0.25841472
0.25566843
0.2500836
0.25561765
0.25476536
0.24741179
0.2493704
0.2515129
0.25332186
0.2546383
0.24859324
0.24958082
0.2514523
0.25576267
0.25002748
0.25443712
0.25597405
0.2515704
0.25323144
0.24985272
0.25529882
0.24997751
0.2558488
0.2450537
0.2516511
0.25125128
0.25243202
0.25227448
0.2551285
0.24901259
0.24766786
0.24622165
0.25404605
0.24724996
0.24944328
0.24856706
0.254867
0.25115553
0.2535851
0.25001067
0.25188047
0.24940115
0.24481708
0.25106624
0.25176698
0.24970187
0.24943013
0.2505998
0.25027135
0.24278012
0.25022587
0.25037774
0.25150293
0.24922465
0.25166348
0.2524269
0.24674296
0.24765866
0.24782437
0.26949295
0.25306824
0.24798852
0.25510094
0.25261185
0.25082523
0.2523719
0.24888417
0.2501472
0.2569876
0.252245
0.24638051
0.2502303
0.25028974
0.25467503
0.24761981
0.24843413
0.2528179
0.25441122
0.24421737
0.2521387
0.25147137
0.25199142
0.25004277
0.24477157
0.24824528
0.24648449
0.24866006
0.25645748
0.25388038
0.24484955
0.24892277
0.2511264
0.25609803
0.2534246
0.2519707
0.26104555
0.2515726
0.25129884
0.24535806
0.24921778
0.25085932
0.25398085
0.24852818
0.25823382
0.2517133
0.25072291
0.2540532
0.25224632
0.25405112
0.2537225
0.2483323
0.2450247
0.25256947
0.25399578
0.25222433
0.26022112
0.25471532
0.2465778
0.24782784
0.25166923
0.25014982
0.2539728
0.25135103
0.2571494
0.25582463
0.254657
0.24557818
0.24910916
0.2471356
0.24559452
0.25927782
0.24571049
0.24571161
0.2492365
0.25169584
0.249798
0.2469293
0.2531654
0.24659468
0.24652891
0.2502276
0.25320554
0.25045747
0.2632221
0.25299612
0.24768169
0.25516823
0.2465926
0.25112617
0.2545692
0.2485261
0.2558881
0.25594467
0.25100094
0.25381276
0.24663496
0.25169253
0.25411472
0.25348267
0.26466322
0.25280675
0.257432
0.24917942
0.25238138
0.25675765
0.24610986
0.25843054
0.24988051
0.25435007
0.25475448
0.25245398
0.25844118
0.2519021
0.24920295
0.2485618
0.25156358
0.24578692
0.24802454
0.2478204
0.2507245
0.24915476
0.24736191
0.25198337
0.24697672
0.2526001
0.25106126
0.25018144
0.24522421
0.25132015
0.24963124
0.2474961
0.26023722
0.24920519
0.25185952
0.26123223
0.25324875
0.25338846
0.25363362
0.24595279
0.25415632
0.2464883
0.25209868
0.24992022
0.2475096
0.24948503
0.24520698
0.25586456
0.25302175
0.24738146
0.25419587
0.2514038
0.2527377
0.24844696
0.2490574
0.24809977
0.24874505
0.2526074
0.24781042
0.24478814
0.24715823
0.2521758
0.24413347
0.25205964
0.24882667
0.25185707
0.2509
0.24926797
0.24950005
0.2477324
0.2497374
0.25315347
0.25520307
0.24730387
0.24799168
0.24997993
0.25010028
0.25576606
0.2549405
0.2542144
0.256353
0.24842425
0.25122723
0.24442728
0.25067145
0.24878795
0.24494259
0.24983887
0.24534541
0.2538969
0.258744
0.254217
0.25223368
0.25337824
0.24932575
0.24498366
0.24635646
0.25290784
0.24900793
0.24989663
0.24336895
0.253402
0.24996613
0.2501784
0.24589822
0.24928892
0.2656343
0.25180015
0.25209206
0.24605027
0.25367168
0.2510255
0.24691801
0.24868578
0.2518188
0.2536179
0.25318086
0.25088763
0.24758705
0.24732375
0.24976198
0.2514082
0.24627395
0.25051478
0.2515257
0.25241008
0.25473708
0.26482433
0.25369447
0.24719974
0.24639553
0.2467336
0.24761692
0.25381857
0.25431883
0.24745704
0.2463589
0.24821298
0.24932732
0.25256926
0.24642865
0.24664077
0.2563283
0.24415027
0.24708866
0.24726805
0.25476024
0.24632019
0.25091174
0.24409649
0.26649734
0.25402975
0.24971141
0.24867062
0.24994744
0.2558442
0.24993968
0.25561234
0.2474496
0.26045516
0.25129935
0.24204162
0.25889763
0.25040346
0.24479534
0.25069973
0.2647635
0.24948417
0.24883316
0.24790679
0.24889266
0.25130373
0.25151458
0.24825002
0.24929266
0.24412896
0.24893989
0.24972433
0.25101373
0.25059277
0.25947717
0.2510608
0.24548884
0.25170627
0.25512105
0.25007424
0.25201082
0.24934323
0.24703689
0.25239414
0.2512398
0.24761415
0.25513336
0.2518642
0.2480957
0.25842485
0.2481168
0.25086957
0.2473838
0.24699642
0.24472222
0.24494584
0.25363627
0.25043833
0.24604644
0.24773896
0.2444154
0.25627148
0.24754696
0.24751084
0.25203732
0.24168709
0.25268382
0.24728581
0.24913022
0.25121066
0.24888617
0.24855565
0.25341234
0.24893208
0.2522942
0.25060984
0.24465616
0.25062066
0.2459868
0.24912924
0.24728231
0.24817528
0.24321859
0.2529813
0.2525738
0.24882093
0.25334638
0.25529987
0.24764062
0.25253245
0.24634893
0.24889556
0.24322511
0.24852525
0.24753715
0.24773219
0.2492048
0.24925315
0.24916168
0.24805953
0.25037128
0.24408425
0.24981597
0.24688022
0.2505262
0.24556403
0.24021426
0.24650903
0.2486756
0.24759349
0.2433212
0.24680144
0.24602789
0.2507146
0.24826528
0.2488191
0.24676573
0.24640945
0.24743004
0.2535935
0.24739416
0.2504447
0.24850579
0.24767959
0.25175694
0.25259843
0.25089163
0.24884231
0.25190663
0.247367
0.25540808
0.25270328
0.25730044
0.2459642
0.24570733
0.2453309
0.247683
0.24665706
0.24510345
0.26207748
0.25546777
0.24277584
0.24739818
0.24556224
0.25007334
0.24304348
0.24383403
0.24953355
0.24593687
0.25451228
0.2541937
0.24881971
0.2531073
0.24988693
0.2458673
0.24232458
0.24544883
0.24776793
0.2448382
0.24826683
0.24401967
0.24307242
0.24514297
0.24684682
0.24838942
0.24512348
0.24794681
0.24534123
0.24541959
0.24476558
0.24346124
0.24530607
0.24972905
0.2467174
0.24340202
0.24851556
0.2413956
0.23960046
0.24873145
0.24715085
0.24780267
0.24825779
0.24491854
0.26839215
0.25127393
0.25602266
0.2465873
0.2461241
0.2450078
0.24954824
0.24897416
0.24538837
0.24655887
0.24922252
0.24784648
0.24960369
0.24816352
0.24805367
0.24820551
0.24480352
0.24773885
0.24525824
0.24475195
0.24598688
0.24656741
0.24724455
0.24426681
0.24367923
0.24465333
0.24832061
0.24874954
0.2516896
0.24601996
0.24754643
0.24822392
0.24399152
0.2467492
0.2468667
0.24239919
0.2539329
0.24998815
0.24288504
0.24148813
0.24900013
0.24725221
0.24219055
0.24709007
0.24311797
0.24301757
0.24343209
0.24503508
0.24305819
0.25092304
0.24570693
0.25221056
0.24705593
0.24752846
0.24418245
0.24378139
0.24904083
0.25189462
0.25364727
0.24559236
0.24677
0.25202745
0.2511244
0.24648401
0.25204885
0.24718653
0.2454222
0.24819927
0.25104272
0.24775647
0.24863145
0.24425893
0.24880525
0.24461325
0.24713854
0.23913215
0.24183059
0.24629718
0.24034853
0.25160906
0.24925636
0.2455628
0.24895908
0.24419215
0.2414991
0.27104238
0.24902041
0.24488984
0.24877729
0.25157353
0.24531096
0.256834
0.25406235
0.24637231
0.24492092
0.24535437
0.23939538
0.2460818
0.24506964
0.24325033
0.24105789
0.24269171
0.25248656
0.24455564
0.24596126
0.24423902
0.24538887
0.24365297
0.24893914
0.24622533
0.2515817
0.25479198
0.25086126
0.24412201
0.24118882
0.24389456
0.2462358
0.24908839
0.2692906
0.25017154
0.23917355
0.24238448
0.25077638
0.24361527
0.24146602
0.24061564
0.25123483
0.2434222
0.25028536
0.24299248
0.24968314
0.24701732
0.24819204
0.24881344
0.24848875
0.24718659
0.25396347
0.24347614
0.24343479
0.24388301
0.25154594
0.24517299
0.24373347
0.24439827
0.24681817
0.24763542
0.25119427
0.25265986
0.24307007
0.24428734
0.24445644
0.24661696
0.24562693
0.24620059
0.24423176
0.24897192
0.24259531
0.24111795
0.24130873
0.24373356
0.24540755
0.24674506
0.24225356
0.24260852
0.24700846
0.2459894
0.24630168
0.24778984
0.24660881
0.24904701
0.25018525
0.2465041
0.24269593
0.24794327
0.24607904
0.24174969
0.25019956
0.24683866
0.24572189
0.24160536
0.24140204
0.24528159
0.2422723
0.24962467
0.24304119
0.24572678
0.24295145
0.24819238
0.24457142
0.2473701
0.2455311
0.2458957
0.24560705
0.24869993
0.24763271
0.2440464
0.2458652
0.2438909
0.24955606
0.23748794
0.24164036
0.2508845
0.24345386
0.24446416
0.24432884
0.25162792
0.2492917
0.24675065
0.24437939
0.24328679
0.2463607
0.24698047
0.25291476
0.24552177
0.2432712
0.24669944
0.2503814
0.29978102
0.24826032
0.24667251
0.24321675
0.24143915
0.24970722
0.24250577
0.24376847
0.25081384
0.24276216
0.24416718
0.24813372
0.24361281
0.24692604
0.24505721
0.23856445
0.24625038
0.24405172
0.24650541
0.24770992
0.24344434
0.24913776
0.24419992
0.24461886
0.25076488
0.24712555
0.2453232
0.24671267
0.24604979
0.24992062
0.24496002
0.24856532
0.24595577
0.24409503
0.25106665
0.24131483
0.24604583
0.25092655
0.24893124
0.2467187
0.24183632
0.24493837
0.2601369
0.2516644
0.24560532
0.2459215
0.24480587
0.24492477
0.24948402
0.24290909
0.24222165
0.24449946
0.2421606
0.24266739
0.24138825
0.24717021
0.24323589
0.24287106
0.24527168
0.24326564
0.2448524
0.24212791
0.24245109
0.24819411
0.2385722
0.24707308
0.24249753
0.2422839
0.24620225
0.24343143
0.24571
0.24887629
0.2444169
0.24721308
0.25064293
0.24291803
0.2458311
0.24108896
0.25115478
0.24459586
0.24414128
0.24605885
0.24649088
0.24765159
0.24427097
0.25247535
0.24312659
0.24465556
0.24366626
0.24586523
0.24600355
0.24163784
0.24655491
0.2417134
0.25145134
0.2419915
0.23980732
0.24290927
0.23790981
0.25045168
0.24708316
0.24492712
0.24715205
0.23848197
0.24260908
0.24087213
0.24542159
0.24376814
0.24555318
0.24335007
0.2476349
0.24299173
0.2502124
0.24978009
0.2458762
0.24199697
0.24818274
0.24475616
0.2449091
0.24553853
0.2481081
0.24319844
0.2419011
0.24488996
0.24632172
0.24798398
0.25660598
0.24588747
0.24900617
0.24233925
0.24353142
0.25695872
0.25011978
0.24851438
0.24389316
0.24680424
0.24923523
0.24847409
0.24964197
0.24499802
0.24405693
0.24186021
0.24027787
0.2427235
0.24122645
0.24778996
0.24370292
0.24679358
0.24364132
0.24991752
0.24187905
0.24522357
0.24305114
0.25098136
0.24475767
0.24282108
0.24806765
0.24936791
0.24633692
0.24658802
0.24501091
0.24767993
0.24063382
0.24445172
0.24253266
0.24300641
0.24865282
0.24371338
0.2428561
0.24209693
0.25153986
0.24208419
0.24329741
0.2425937
0.24640448
0.24455222
0.24856694
0.24740206
0.2421955
0.24745962
0.24330188
0.2916832
0.24594727
0.24870433
0.2613267
0.24401239
0.2498068
0.24382408
0.24568896
0.24440446
0.24365252
0.24447756
0.24921685
0.2411649
0.25404662
0.24670073
0.24601643
0.24558571
0.2521721
0.23988153
0.23891538
0.2446944
0.24130675
0.2476405
0.24501622
0.24224968
0.24475169
0.24138649
0.24330144
0.24142607
0.24634549
0.24499463
0.24715069
0.2403722
0.2572763
0.24390444
0.24254726
0.24172127
0.24719208
0.24900974
0.2421381
0.24371037
0.24887878
0.2438702
0.24590044
0.24369778
0.24288832
0.24441491
0.23992294
0.24754258
0.24279383
0.24484992
0.25149405
0.2420018
0.24368817
0.2410301
0.24269283
0.2403088
0.24565962
0.24031335
0.24668261
0.24023046
0.25634468
0.24732552
0.24692948
0.24834539
