0.5849262
0.562572
0.5699614
0.57081515
0.56645936
0.5776687
0.56373453
0.56511736
0.5598759
0.55109894
0.5539123
0.5485244
0.55846196
0.5436793
0.55009776
0.5445216
0.53782517
0.53181547
0.544019
0.5391897
0.5178483
0.51683354
0.5188902
0.5164823
0.5086146
0.5023857
0.49498865
0.49387172
0.49118072
0.4853389
0.47142312
0.48884642
0.4782473
0.4712887
0.46090755
0.46547022
0.45254323
0.44982105
0.44513342
0.45081607
0.4452684
0.4445979
0.45565364
0.42536843
0.4237816
0.425563
0.42301297
0.4186264
0.4215026
0.42415178
0.41248292
0.41042578
0.4086687
0.40781632
0.40169975
0.4104291
0.4011241
0.40352878
0.40065098
0.3960936
0.39538935
0.39336497
0.38896334
0.3828525
0.37901333
0.3802523
0.37425783
0.37802982
0.3689296
0.37790874
0.36818686
0.36942077
0.36302063
0.36560816
0.36392292
0.36507288
0.3569936
0.3648805
0.3485713
0.37164485
0.35326216
0.34599245
0.35765484
0.35281572
0.34869137
0.35081366
0.34576216
0.34618875
0.35290647
0.3483748
0.35370746
0.34771344
0.3513788
0.3462548
0.33728966
0.33958846
0.34650078
0.34160408
0.34713507
0.3422813
0.34810185
0.33477736
0.34240326
0.3411601
0.33683205
0.34117997
0.35119495
0.34029105
0.3328836
0.33991408
0.33239993
0.3378028
0.3341977
0.34268656
0.33434623
0.3294681
0.34262392
0.3332113
0.3300665
0.3321384
0.32402277
0.3264042
0.32919225
0.328931
0.3307441
0.32311097
0.32362017
0.33017913
0.32701975
0.32697034
0.3238019
0.33039948
0.33194652
0.32471246
0.32040614
0.3212476
0.31897306
0.33012795
0.3256428
0.3338996
0.32323843
0.321689
0.32632408
0.32638776
0.32440355
0.32251236
0.3192066
0.31540197
0.31730416
0.31576774
0.31847993
0.32045946
0.31887338
0.3119709
0.31002957
0.31487778
0.31589368
0.3177001
0.31550848
0.32331342
0.31476265
0.3180777
0.321559
0.31376073
0.31802902
0.31757236
0.31169853
0.31204677
0.31593502
0.31451404
0.31262565
0.31480718
0.3108744
0.31922024
0.3158372
0.31528252
0.32010293
0.3190553
0.30995044
0.31558773
0.31044433
0.31750527
0.30736482
0.3161484
0.3100169
0.3154615
0.30870646
0.3119733
0.31253728
0.30853727
0.32238218
0.31799364
0.31811398
0.3104909
0.3122072
0.32098192
0.31043863
0.3094559
0.30153117
0.3101969
0.30904615
0.3098995
0.30471507
0.30647203
0.31715038
0.31037706
0.30200177
0.3125215
0.31117854
0.30783665
0.30920985
0.30730528
0.3089721
0.3054009
0.30990055
0.30785975
0.31072786
0.30648905
0.30017608
0.32256666
0.30586413
0.3050876
0.31522623
0.3013958
0.3012001
0.31030366
0.30229017
0.30651382
0.30319142
0.30597055
0.30850062
0.30077308
0.31686887
0.30475694
0.30235
0.3079752
0.2980076
0.30798483
0.29883784
0.3017812
0.30373603
0.3048104
0.30058435
0.3081866
0.30221498
0.2984273
0.29760095
0.30232108
0.29690322
0.3032048
0.304767
0.30520302
0.29603964
0.30465662
0.29549763
0.32337672
0.3022933
0.29688913
0.2932317
0.30225712
0.30259252
0.30114883
0.2949784
0.29312128
0.29073602
0.29928645
0.29949912
0.3035837
0.29319236
0.28911662
0.30705312
0.28964666
0.28787097
0.29724976
0.2928127
0.29732165
0.29492503
0.3010858
0.29492483
0.29448438
0.29157513
0.3039054
0.31158525
0.2916189
0.3008859
0.2943557
0.29596713
0.29683962
0.29692873
0.29263943
0.29108265
0.29094642
0.29043847
0.28849533
0.288877
0.29033163
0.29805374
0.29059654
0.29512095
0.2855483
0.29181427
0.28703845
0.2938655
0.29623738
0.29122138
0.2917807
0.28460982
0.28904313
0.28656974
0.28876212
0.30273438
0.30130422
0.28864643
0.2847922
0.28259915
0.28165954
0.29597935
0.30812442
0.2870332
0.2877283
0.2926337
0.29396674
0.28663883
0.28155333
0.28656048
0.28384522
0.28400838
0.2913942
0.2800111
0.2903697
0.28215468
0.28024587
0.29030785
0.28384057
0.2787649
0.27905163
0.28126124
0.27772057
0.28283665
0.28945607
0.2840108
0.27783132
0.28953227
0.28186378
0.28248912
0.27777585
0.28473553
0.2825994
0.2823307
0.28573903
0.28816015
0.28062886
0.28073078
0.27996668
0.277391
0.28880125
0.28189206
0.2792712
0.27890244
0.28270024
0.27898845
0.28480843
0.28339988
0.28484124
0.28402615
0.2905168
0.28742966
0.2843028
0.2840423
0.28685975
0.28410792
0.27731246
0.28086072
0.27873385
0.283316
0.2904513
0.2884651
0.28526142
0.2834288
0.28516927
0.2875327
0.28111064
0.28089875
0.2869321
0.28108186
0.28899223
0.28237942
0.28855127
0.28116742
0.27975
0.28582063
0.28494725
0.28596804
0.27988556
0.28925052
0.27844474
0.2850413
0.28620738
0.28991765
0.27696553
0.28533438
0.281027
0.27970585
0.28197423
0.28557914
0.27964252
0.28479087
0.27611253
0.28410584
0.27728492
0.27760646
0.288412
0.2745681
0.28292376
0.2834352
0.2802569
0.28481516
0.27906987
0.28008765
0.28115842
0.28884146
0.29532138
0.28533196
0.28702247
0.2800419
0.27830833
0.28673732
0.28415427
0.27847445
0.27895933
0.28264385
0.2971562
0.27564266
0.2818273
0.30566064
0.27908915
0.27767557
0.2803452
0.2764112
0.28038824
0.28471935
0.28454274
0.27879542
0.28134096
0.2839278
0.2886349
0.27762833
0.27263385
0.27825537
0.27845228
0.27422792
0.27541134
0.28396612
0.29515725
0.2825949
0.28216234
0.291176
0.28750724
0.28411618
0.2948893
0.2861112
0.28638405
0.2940977
0.29036018
0.28628457
0.29019648
0.28489104
0.27862367
0.28323343
0.29233223
0.27833843
0.28284726
0.28492394
0.27828816
0.29327598
0.29359543
0.29474756
0.28608558
0.29087308
0.29666936
0.29431793
0.2834561
0.283324
0.28443277
0.2994351
0.2850979
0.301006
0.28999248
0.28872138
0.28994063
0.2873292
0.28513345
0.2871838
0.28679752
0.28647497
0.28945792
0.28656533
0.28820834
0.28709194
0.2962042
0.29063877
0.28884012
0.2983167
0.28832394
0.28580466
0.29528007
0.2947376
0.28833628
0.2935409
0.28607756
0.28884208
0.28852713
0.2892919
0.2867958
0.29280335
0.28568184
0.28738037
0.2903782
0.29150942
0.2926878
0.2876877
0.28772405
0.29192966
0.2905718
0.28989124
0.29288846
0.2863091
0.29478988
0.2948675
0.29156378
0.30288067
0.2982331
0.29039565
0.29137915
0.28871235
0.30597544
0.29160917
0.28976014
0.29735398
0.2897054
0.29363948
0.29366103
0.28658986
0.29181328
0.28890455
0.29135066
0.29329863
0.29403257
0.29478794
0.29251498
0.29320157
0.30042785
0.2942871
0.29309508
0.28993508
0.29408544
0.2927795
0.29252592
0.29465082
0.29455462
0.29867557
0.2931934
0.29432145
0.290636
0.29246968
0.28968647
0.3021322
0.29390752
0.294521
0.29337603
0.29114705
0.2910608
0.29674923
0.29549944
0.29040715
0.28876242
0.28791627
0.2954809
0.29451036
0.29350668
0.29253125
0.29238755
0.29328567
0.29141933
0.28832498
0.30239233
0.29400066
0.29090935
0.29553154
0.30232635
0.29806033
0.29119638
0.2943913
0.29667866
0.28750136
0.29446775
0.2931841
0.29217073
0.2957302
0.29313448
0.29138193
0.29402038
0.2913724
0.29543212
0.2899592
0.29436684
0.29911315
0.29625735
0.29377392
0.2982281
0.29783314
0.2959513
0.30054158
0.30136982
0.29978374
0.29514995
0.29475355
0.29352516
0.29346284
0.29971907
0.29571277
0.298177
0.2986307
0.29296133
0.29673243
0.29668015
0.30284545
0.29965803
0.2923294
0.2999028
0.2984675
0.296458
0.29436377
0.2971848
0.2983642
0.29565614
0.29727077
0.29622364
0.2987448
0.29361454
0.29047582
0.2976741
0.29326665
0.2988303
0.29366943
0.2975167
0.30080217
0.29931545
0.29234332
0.28888354
0.29693198
0.29252946
0.2925574
0.29266623
0.29122162
0.29425913
0.29411975
0.2997396
0.29881698
0.29348433
0.29977253
0.28924417
0.29678825
0.29784474
0.29914817
0.2988779
0.30052444
0.29490796
0.29677355
0.29561222
0.29454023
0.29392686
0.29535195
0.29606628
0.2966148
0.2995274
0.30073762
0.2964993
0.29793173
0.29614413
0.29493883
0.2992186
0.2993203
0.2965436
0.29975462
0.29678842
0.29377684
0.29425743
0.2923505
0.29867598
0.29297206
0.29279363
0.2927092
0.29301476
0.2935786
0.2940706
0.2977972
0.3210167
0.29420125
0.2958206
0.2921282
0.29489055
0.29476705
0.29242614
0.29288658
0.29301563
0.2918945
0.29382107
0.2958458
0.29810032
0.29513863
0.3102283
0.29330397
0.29342645
0.2963668
0.29515168
0.29623505
0.29750666
0.29365337
0.3035707
0.2951729
0.3095008
0.29532152
0.29600212
0.29457983
0.2984726
0.2974903
0.29761854
0.31122243
0.2918832
0.29575866
0.29831907
0.2980768
0.30328622
0.2982329
0.30769834
0.3295041
0.30591598
0.3010956
0.3025103
0.2961397
0.29797032
0.2991025
0.29795268
0.29886186
0.3094494
0.29604474
0.29599705
0.29574847
0.2943519
0.2945186
0.3094451
0.29569337
0.2915947
0.3022257
0.29172602
0.29358506
0.28845936
0.29009694
0.29676786
0.29472607
0.29809412
0.30187905
0.2985876
0.30164617
0.30299175
0.30878606
0.30151796
0.30920222
0.30375874
0.31641287
0.30714926
0.30735162
0.31001568
0.30493188
0.31247547
0.30892372
0.30660695
0.307492
0.30816424
0.31321356
0.3092735
0.3065087
0.307176
0.30440062
0.30831942
0.30967575
0.30687222
0.30382496
0.30423045
0.31378663
0.30751795
0.30707467
0.30433884
0.31033745
0.3172952
0.30785885
0.30735892
0.30454835
0.31294775
0.30482936
0.30575186
0.3114832
0.30682704
0.30670658
0.30460417
0.30436411
0.3079255
0.30621296
0.30873874
0.3189412
0.30810237
0.31023622
0.32165533
0.30932376
0.31276444
0.3159805
0.30944362
0.30744597
0.31821612
0.3141734
0.30944872
0.31999278
0.31485924
0.30990553
0.315908
0.31278643
0.31331694
0.31228745
0.31189883
0.31381196
0.31457886
0.31508973
0.3164193
0.3125118
0.31559238
0.31957537
0.31358677
0.31797987
0.31578448
0.31413028
0.34085792
0.32349488
0.31448027
0.3155973
0.31366682
0.31984335
0.31624192
0.32395855
0.31297848
0.31569505
0.31871873
0.31837922
0.32204837
0.32551616
0.31923705
0.32265747
0.3148936
0.32811192
0.32492536
0.32290852
0.32030353
0.32013324
0.3217897
0.31385183
0.32776666
0.31876862
0.3256187
0.32076138
0.3269742
0.3229067
0.3157901
0.31676504
0.32285917
0.32291603
0.3213386
0.31659928
0.32019514
0.32748002
0.3298846
0.3256618
0.32806098
0.3213175
0.3172745
0.31719598
0.32121146
0.32278305
0.31996074
0.32422715
0.3217978
0.32166803
0.3351532
0.3268892
0.32477716
0.32526
0.33078632
0.31690863
0.3568318
0.32641983
0.3247137
0.31577677
0.31709123
0.31743473
0.32021666
0.3172119
0.31546515
0.3123985
0.32038096
0.3252253
0.31851587
0.31728488
0.3163596
0.3204878
0.32015693
0.3221762
0.319376
0.32654873
0.3224013
0.32948083
0.32438114
0.32947138
0.32740027
0.32608318
0.32714424
0.32181045
0.32829887
0.32641456
0.3276489
0.32986283
0.32571122
0.33358434
0.3246599
0.33098626
0.32609168
0.322466
0.3254851
0.3224164
0.32625276
0.32546407
0.32215664
0.31660193
0.32559732
0.32369417
0.32330185
0.32055268
0.32492444
0.32438937
0.32542202
0.32410988
0.32216018
0.3268135
0.32386443
0.31943536
0.33089224
0.31945845
0.3228583
0.32384035
0.32675177
0.33145082
0.33126745
0.33668053
0.3379762
0.3345801
0.3323594
0.33303946
0.33381537
0.334473
0.33381003
0.33119032
0.32915697
0.33076587
0.33396557
0.3315705
0.3366116
0.32499915
0.3275336
0.32359168
0.32596305
0.3259413
0.32200372
0.32167587
0.3295142
0.32725757
0.32628253
0.32281354
0.41747016
0.33144864
0.34041095
0.33402324
0.33328816
0.3341631
0.33645242
0.3320076
0.3348406
0.33384484
0.3324198
0.33458108
0.33348155
0.33424303
0.33288106
0.3301849
0.3315733
0.33391052
0.3338344
0.34049863
0.33439878
0.3317969
0.33109197
0.33421746
0.3410384
0.34450102
0.33472958
0.33195758
0.33504772
0.33214
0.33850273
0.32967314
0.33328423
0.33270922
0.35946766
0.33415526
0.3340816
0.33191526
0.3339171
0.33264792
0.3318984
0.33200476
0.33409616
0.33861822
0.32894304
0.33069903
0.33207545
0.3317863
0.34333476
0.330086
0.33537087
0.32999414
0.33308434
0.33182532
0.34111485
0.3360233
0.33176392
0.33435467
0.33428255
0.33304936
0.3299763
0.333025
0.33304498
0.3414621
0.33332342
0.3364409
0.3301071
0.3313676
0.32906806
0.33482316
0.34217367
0.3364533
0.337244
0.33528784
0.34640303
0.3315175
0.332654
0.33482555
0.33250815
0.33137435
0.32878673
0.33267272
0.33266607
0.3322966
0.32911813
0.32869464
0.32874146
0.3387088
0.3369309
0.3342289
0.34271604
0.33690453
0.33532614
0.33200473
0.33281797
0.3363754
0.33434102
0.3323704
0.33513892
0.3328761
0.3403828
0.33367017
0.3358405
0.34148103
0.3332672
0.3335154
0.33460638
0.34314448
0.33822227
0.33781353
0.33845598
0.33761698
0.3404656
0.33919024
0.33710733
0.33812022
0.3349312
0.3312293
0.33646765
0.33951268
0.3368893
0.33335227
0.3365061
0.33453473
0.337441
0.33824947
0.33512366
0.3368412
0.33938956
0.33976203
0.34008244
0.3330903
0.33444467
0.33925873
0.3360463
0.33814758
0.34169224
0.3448922
0.33823287
0.33347523
0.33671272
0.33690748
0.33585683
0.34016833
0.33634698
0.3375623
0.33840108
0.33571178
0.33872852
0.34138235
0.33731782
0.33945465
0.33772543
0.33738658
0.3326538
0.33874092
0.33355236
0.33796945
0.3389473
0.33717394
0.3381416
0.3400244
0.35561997
0.3329868
0.33178887
0.3364244
0.33478045
0.3345182
0.33843565
0.33600822
0.33644614
0.3345988
0.33937132
0.3395308
0.33350393
0.33190906
0.34181172
0.33301088
0.3360665
0.33521026
0.33455747
0.33599198
0.33492237
0.33707106
0.3389016
0.33778843
0.3328311
0.33484688
0.3376555
0.3358755
0.33364278
0.33574495
0.33366174
0.33966663
0.33451948
0.33432242
0.33448294
0.33675328
0.33474246
0.3416633
0.3327709
0.33645418
0.3465925
0.33601674
0.33885828
0.33594683
0.33863744
0.3372557
0.334098
0.3447842
0.34408835
0.34191182
0.3427567
0.33643335
0.34409007
0.34245685
0.34230104
0.34263667
0.34744594
0.33625078
0.3376854
0.33897173
0.3500099
0.33749923
0.3335269
0.33152917
0.33285785
0.33472967
0.33208779
0.33444497
0.3330429
0.33320796
0.33523807
0.3364155
0.3360646
0.33270082
0.32879665
0.33567792
0.33261192
0.33571973
0.33809766
0.33623233
0.3378265
0.3351308
0.33521414
0.33543047
0.33947587
0.33464423
0.33442438
0.33738396
0.33654895
0.34311712
0.33603063
0.3390969
0.33908075
0.33483216
0.34101388
0.3359402
0.33896482
0.33775052
0.33705395
0.33695972
0.33450887
0.33443692
0.33830902
0.34406775
0.34078923
0.33580026
0.33535993
0.336741
0.33511564
0.33723313
0.33704752
0.33793217
0.33745953
0.3380778
0.3411315
0.33899906
0.33986762
0.34476176
0.3414941
0.33480993
0.3323157
0.3378977
0.33440936
0.33660096
0.33928102
0.3377797
0.34772274
0.33469865
0.33484244
0.33426318
0.33161986
0.3367096
0.33454826
0.33575177
0.33458027
0.33463845
0.33677092
0.33634153
0.33605498
0.3344607
0.3343415
0.3379112
0.33835363
0.3712714
0.33739167
0.34028077
0.33670336
0.342984
0.35718313
0.3473047
0.33954793
0.34131932
0.3410276
0.33872017
0.3454197
0.34224784
0.35355368
0.341261
0.34127343
0.34520242
0.34219015
0.3417197
0.34224334
0.3456095
0.3445987
0.33722812
0.34253818
0.34414032
0.3390891
0.34138748
0.3398779
0.3414106
0.3459471
0.3427527
0.3429506
0.3422297
0.33878937
0.34370047
0.3408104
0.34114563
0.34204686
0.34149754
0.34555566
0.34916806
0.35798135
0.34421822
0.34171453
0.34090918
0.33905995
0.34777254
0.34279495
0.34263608
0.3429446
0.34174243
0.3388662
0.34011567
0.33872932
0.34318706
0.3485849
0.34956434
0.34231916
0.3449294
0.34304696
0.34509805
0.35220492
0.34146208
0.347395
0.33928478
0.34461597
0.33768004
0.36426985
0.34306604
0.3385184
0.3371299
0.34140328
0.34306863
0.34795716
0.3437154
0.34255722
0.34537768
0.3426181
0.34217492
0.3394254
0.3401384
0.3478818
0.3477516
0.343995
0.3390864
0.3431556
0.33911276
0.34603724
0.33857518
0.34007198
0.34092033
0.34073308
0.34747237
0.3359621
0.33932737
0.3389831
0.34069994
0.33603388
0.3364834
0.33961773
0.3371511
0.34242225
0.34515098
0.34106264
0.3401296
0.33906958
0.33977732
0.34431234
0.34120837
0.33853444
0.34157318
0.3379759
0.33783945
0.3374294
0.34478456
0.33747122
0.33830976
0.34959388
0.34266892
0.34480727
0.3422042
0.3408785
0.34118906
0.35077682
0.33840084
0.33935726
0.34221584
0.33921468
0.34522888
0.34107155
0.34633204
0.3387611
0.34006175
0.34571308
0.34022713
0.3370017
0.34219375
0.33687574
0.33859962
0.33783644
0.34110087
0.34017587
0.341053
0.34291044
0.3401811
0.34538132
0.33794355
0.34150118
0.3387576
0.34670693
0.3458739
0.3541539
0.34545904
0.3501831
0.34938028
0.34456074
0.34515128
0.34574983
0.34370583
0.34478632
0.3465248
0.34690675
0.34418914
0.35073435
0.3453453
0.3497562
0.35129118
0.34875596
0.34703287
0.34380808
0.36196333
0.34577137
0.34646913
0.35260725
0.34982276
0.34993657
0.34774387
0.35007218
0.35212755
0.3501723
0.35209647
0.34531015
0.3455153
0.3458038
0.34851363
0.3474186
0.3529494
0.343879
0.349869
0.34674567
0.34771493
0.3450219
0.34033266
0.33491462
0.33701244
0.3402665
0.33780864
0.33744115
0.34396932
0.33756512
0.3424638
0.33843994
0.34104186
0.33971092
0.34171498
0.3366804
0.3363154
0.3376356
0.33862588
0.33606327
0.33813563
0.34597126
0.34200516
0.34222567
0.33811253
0.34268448
0.3374517
0.34323972
0.34140557
0.33827546
0.33720395
0.33831665
0.33790115
0.33946064
0.33630356
0.3387953
0.33641076
0.34245908
0.33916968
0.33495042
0.33810425
0.3393824
0.33624843
0.33683553
0.34496585
0.33670947
0.33461964
0.33731243
0.32877436
0.3259493
0.33360767
0.3193293
0.318553
0.31698328
0.32007968
0.32041225
0.3194821
0.31784797
0.31655627
0.32806167
0.3235222
0.31652746
0.3167795
0.31704563
0.31343934
0.319844
0.31723058
0.31273547
0.31202704
0.3218669
0.31103456
0.31774548
0.31728575
0.31121513
0.31220055
0.31541172
0.31228125
0.31190115
0.31463856
0.31780076
0.31313613
0.30397952
0.30745265
0.30839303
0.31573302
0.30864593
0.309117
0.31423005
0.31073236
0.30913532
0.31483147
0.31588563
0.30854428
0.31051204
0.3120092
0.30780765
0.31074035
0.30755225
0.3122028
0.31560156
0.31133673
0.31130734
0.31028804
0.3102054
0.31082365
0.30892023
0.30972883
0.31033054
0.30659074
0.31115326
0.3117711
0.31098768
0.30676204
0.31181258
0.31479263
0.3195344
0.317984
0.3179364
0.31756368
0.31896824
0.31547076
0.3130344
0.3107491
0.31328416
0.31619817
0.31671947
0.3174982
0.32245913
0.33294755
0.32499275
0.32114345
0.31743035
0.3171679
0.31819302
0.31963688
0.32006848
0.3159819
0.31962427
0.31648368
0.3177502
0.31727365
0.32268655
0.3208406
0.3228554
0.31436023
0.31294814
0.3163996
0.31591153
0.31538182
0.31397757
0.31889373
0.31976682
0.31892818
0.31636047
0.3207412
0.3168835
0.31474823
0.3214787
0.3162056
0.32150877
0.32580465
0.3157208
0.3170563
0.3170406
0.31998485
0.32272443
0.32009166
0.31433687
0.31812495
0.31778952
0.31568307
0.3223856
0.32021198
0.3172291
0.31696302
0.32136223
0.31841743
0.3187562
0.31898618
0.31705892
0.318541
0.32480136
0.3201159
0.32001135
0.31923446
0.3171139
0.3201313
0.32239747
0.31446078
0.325152
0.31936923
0.31623602
0.32005274
0.31459868
0.31601593
0.32467434
0.3153534
0.31915617
0.32184887
0.31946117
0.32561132
0.32372785
0.31851345
0.31878814
0.3176062
0.31956467
0.31823725
0.32268587
0.3177883
0.32588482
0.3205785
0.319989
0.32197323
0.322729
0.31910703
0.32579717
0.31645748
0.31757683
0.31731716
0.3191276
0.3210704
0.31833577
0.32037705
0.3215749
0.31568742
0.31777158
0.32200313
0.31599176
0.31266084
0.31831428
0.3222605
0.3160073
0.31862938
0.31673598
0.31549284
0.3167623
0.3172254
0.3129545
0.3123566
0.3152031
0.31534466
0.31711254
0.31766912
0.32042253
0.31429958
0.31904727
0.31181273
0.31321394
0.32507604
0.32355344
0.31724772
0.311875
0.31349584
0.31930473
0.31486654
0.31798235
0.3154702
0.31516138
0.3166638
0.31623816
0.31294674
0.31465095
0.3153559
0.31683677
0.31370533
0.31066644
0.31652993
0.31261656
0.31035927
0.30994648
0.31102228
0.31336966
0.31006452
0.31457373
0.31234947
0.31458583
0.31934166
0.31039882
0.31814605
0.3123592
0.3104022
0.31565168
0.31250685
0.31566298
0.31567925
0.31382087
0.31124914
0.31258774
0.31054294
0.31367746
0.31440976
0.316466
0.31456512
0.31825727
0.31461447
0.31501558
0.3138014
0.31724817
0.31803152
0.31347728
0.31180722
0.31004792
0.31123355
0.3129941
0.31338078
0.3112149
0.30923107
0.31036478
0.31525058
0.31215972
0.31357113
0.32548395
0.31053975
0.31307682
0.31179848
0.31179783
0.31421977
0.3110966
0.31461433
0.30868542
0.3083421
0.30594084
0.30883145
0.30950877
0.31130147
0.307364
0.31260845
0.3107374
0.30911154
0.31526
0.31400168
0.3052167
0.30604616
0.3073815
0.3096888
0.3108942
0.30787522
0.31312907
0.3138522
0.31317493
0.3102918
0.3099591
0.30973017
0.30576232
0.31263262
0.3082352
0.31077054
0.31230733
0.30849656
0.30733684
0.3154949
0.3094048
0.3088583
0.3103952
0.30594617
0.31358904
0.31344393
0.31196034
0.33099735
0.31441775
0.31329322
0.31035548
0.313237
0.31709346
0.31099766
0.30623344
0.31476063
0.30919227
0.31750974
0.3134451
0.31658202
0.3128669
0.31185955
0.31537223
0.31137663
0.31951723
0.31430402
0.31797802
0.3252074
0.31281868
0.31176725
0.31198815
0.3134988
0.31494322
0.31630906
0.32032254
0.3154308
0.3094991
0.3134196
0.3094444
0.31091404
0.3111066
0.3133118
0.3148332
0.31450972
0.31758386
0.31559408
0.3109195
0.3118291
0.31379437
0.31263906
0.31171814
0.31390288
0.3153063
0.31712255
0.3169165
0.30774868
0.31445393
0.3150855
0.31213188
0.3182395
0.31674084
0.31630346
0.31181964
0.31540892
0.31502917
0.31638774
0.31861612
0.3146939
0.31414035
0.32179618
0.31883553
0.31809372
0.30988684
0.3119379
0.31600353
0.3182738
0.3178286
0.31250805
0.316038
0.31834912
0.31504852
0.31397736
0.31545144
0.31320554
0.31795618
0.3129568
0.31062332
0.31154448
0.31381503
0.3115815
0.31910282
0.31257236
0.3093482
0.31942952
0.3117334
0.31316936
0.31535837
0.31215632
0.30699468
0.31029722
0.30605856
0.312458
0.30921742
0.31392604
0.30810672
0.3105511
0.3228041
0.31596747
0.3103334
0.30893767
0.31450382
0.31138203
0.31236768
0.31316957
0.30851123
0.30965605
0.31335473
0.30881265
0.31309608
0.3172376
0.31030634
0.31492758
0.30817068
0.30791676
0.31261885
0.31176043
0.30769962
0.31136575
0.30578148
0.31059596
0.31252488
0.31215426
0.30889767
0.3156161
0.3122532
0.31631562
0.31008092
0.3146641
0.31259465
0.3119552
0.3147295
0.30921912
0.31089714
0.31116655
0.3096738
0.31122607
0.31479916
0.30897424
0.30986977
0.30958197
0.3138777
0.31471372
0.30814278
0.3157002
0.30920395
0.31393147
0.3095885
0.31150585
0.31560788
0.30778491
0.31647718
0.3088163
0.31013086
0.3096733
0.3106196
0.3122165
0.3155415
0.310268
0.30768442
