0.6510245
0.62798095
0.590671
0.5789817
0.58325213
0.56784433
0.56347024
0.56996197
0.5582795
0.5721189
0.590079
0.55044717
0.5515547
0.58341336
0.5472094
0.5477868
0.5601116
0.55623615
0.5305824
0.53476346
0.5430135
0.5183137
0.5141126
0.5008564
0.49142334
0.48214856
0.47603592
0.46289822
0.46035773
0.45502162
0.45468044
0.44450837
0.43723932
0.43194056
0.43349078
0.4193478
0.41317865
0.4110968
0.4050399
0.40540636
0.40682188
0.38872945
0.38980523
0.38332632
0.3759791
0.39026186
0.39016604
0.38688067
0.3675102
0.36964446
0.36849824
0.36023426
0.36411574
0.35564032
0.35779113
0.36081302
0.34991086
0.3595962
0.35610753
0.3503282
0.34644064
0.34314564
0.3377058
0.3418153
0.33911237
0.34440726
0.34269387
0.34114483
0.3338326
0.33970052
0.3403547
0.3361975
0.32825515
0.3342081
0.3297034
0.33667982
0.33142918
0.32425684
0.3256988
0.33868665
0.32639736
0.3276466
0.32020852
0.3196566
0.31583062
0.31719002
0.32535785
0.32588875
0.31508422
0.3193261
0.31283325
0.31872588
0.3166471
0.31690484
0.31364593
0.30712202
0.31005952
0.3136161
0.31075606
0.30865297
0.3065694
0.30783886
0.30793828
0.30906495
0.30262065
0.31021693
0.3085299
0.3050674
0.3170444
0.29774538
0.297405
0.30306074
0.30762622
0.30170062
0.29417416
0.3048261
0.30246046
0.30385318
0.31151414
0.29159474
0.29491216
0.3021009
0.2994753
0.2980985
0.2995495
0.30019256
0.2944373
0.296604
0.29517874
0.2942732
0.28969997
0.29062384
0.29922217
0.29300815
0.29130176
0.28763795
0.29326758
0.2951367
0.2943298
0.28589323
0.31289977
0.29157516
0.28777474
0.2853133
0.28545675
0.29230884
0.30418813
0.29118794
0.29117477
0.28685138
0.28121498
0.28095558
0.29922017
0.285406
0.2904721
0.2950014
0.28046164
0.28246662
0.28419158
0.28776
0.28449482
0.28574458
0.28540295
0.28331643
0.29265282
0.27682358
0.2835357
0.27914858
0.28066605
0.27949524
0.28230694
0.2818969
0.2778587
0.2838919
0.27725717
0.27666515
0.27615616
0.27699262
0.27217552
0.27789134
0.2797424
0.27846593
0.2738865
0.273706
0.27959135
0.27480206
0.27490398
0.27020097
0.27526397
0.2740901
0.27148458
0.27236506
0.27492982
0.26966256
0.27715182
0.27086762
0.26973015
0.27658778
0.2702214
0.2762113
0.27357134
0.27378199
0.26757494
0.27059874
0.2749783
0.2726208
0.26903284
0.26796958
0.2688712
0.27374876
0.26751447
0.2668264
0.2855016
0.27206114
0.26830366
0.26507404
0.26509592
0.26622456
0.26883894
0.2659131
0.27348778
0.27035147
0.26350477
0.25934723
0.26756677
0.27493498
0.26517984
0.2680424
0.26580432
0.2669484
0.26945862
0.2717524
0.26986328
0.26765764
0.26634505
0.26525068
0.26707762
0.2640654
0.26422468
0.2665605
0.27273205
0.2649612
0.26458013
0.264254
0.2611553
0.27043796
0.2661496
0.26029518
0.2655547
0.2729951
0.2611815
0.2633296
0.26710296
0.2617247
0.26702845
0.26689562
0.2633119
0.2687411
0.26516792
0.2638968
0.26575205
0.27153543
0.26156646
0.2587721
0.26273218
0.2629623
0.2589964
0.26162124
0.2605487
0.25896358
0.25785342
0.26053432
0.2595769
0.26185548
0.26785663
0.2639556
0.25642526
0.2615794
0.25596792
0.25715217
0.27045602
0.26306567
0.25502363
0.2543803
0.25737244
0.2673436
0.2604288
0.25632578
0.26229885
0.25855774
0.26158574
0.25781873
0.25525022
0.2544362
0.25927895
0.25608855
0.2583
0.25378647
0.2563379
0.2592715
0.26173356
0.25874498
0.25618356
0.24935433
0.26431605
0.25651065
0.25712514
0.25991857
0.25651592
0.25178152
0.25480616
0.25515848
0.25520813
0.25398242
0.2539348
0.25926307
0.26411808
0.25614917
0.2591048
0.2582947
0.25271893
0.25335783
0.25151393
0.25196034
0.2616995
0.26110828
0.25463334
0.25310683
0.2636607
0.25090027
0.25612047
0.2516175
0.2624632
0.25362128
0.2790531
0.2491829
0.25041178
0.2484951
0.24960642
0.2684243
0.24997142
0.2601021
0.25317216
0.25368086
0.24972068
0.24931169
0.25008923
0.25464275
0.2519121
0.2547214
0.25573894
0.25286272
0.2547615
0.25613126
0.25146505
0.25411934
0.24914692
0.24744928
0.24800979
0.247586
0.25439963
0.2497851
0.2492094
0.25344232
0.253087
0.250803
0.25001106
0.25113514
0.2541137
0.2543804
0.25406754
0.25183988
0.25640023
0.24967884
0.2534858
0.25032166
0.24951866
0.25012496
0.25097638
0.25598338
0.25012678
0.25323793
0.25347513
0.24729359
0.24834792
0.2520368
0.24773219
0.2473592
0.24611919
0.2527721
0.25074637
0.24816003
0.2489784
0.2540105
0.2547745
0.25202623
0.24392118
0.24818468
0.25090295
0.24851054
0.2504869
0.25122723
0.24906704
0.24869138
0.24671414
0.24706337
0.24858981
0.24890868
0.242724
0.24744228
0.24681337
0.24477728
0.24812943
0.24598458
0.24565557
0.25096607
0.24138075
0.25291118
0.24773513
0.25163826
0.25109363
0.24577074
0.2434158
0.24717921
0.24903059
0.24980567
0.24292706
0.2480546
0.24431534
0.24466172
0.24430312
0.24316497
0.24619687
0.24034339
0.24462393
0.24778692
0.24173431
0.24231784
0.24359092
0.24191609
0.24557777
0.24477503
0.24808657
0.24472599
0.24667631
0.24238266
0.2451409
0.252901
0.25151494
0.25245494
0.24516739
0.24706401
0.2508168
0.25528568
0.2502731
0.24655905
0.24690787
0.24831827
0.24667111
0.24861151
0.24895765
0.2506263
0.2443018
0.25035107
0.2501148
0.2452193
0.24590525
0.25158605
0.24219349
0.25159425
0.24611299
0.2501997
0.24745543
0.24294403
0.25045422
0.24605924
0.24148934
0.2447534
0.24606702
0.25427553
0.24586211
0.25017044
0.24244174
0.24571523
0.24492222
0.24704787
0.24692582
0.24649118
0.24870248
0.24511161
0.24593233
0.24356163
0.24249908
0.24595056
0.24281214
0.24519695
0.24246112
0.25149524
0.24617296
0.24921298
0.24358363
0.24581791
0.24224553
0.24847494
0.24177057
0.24573886
0.24647285
0.24391265
0.24058332
0.24540785
0.2409733
0.24208619
0.24487872
0.24503914
0.24099839
0.23731951
0.24203958
0.24471234
0.2436151
0.2443322
0.24135579
0.24353877
0.24004674
0.24193156
0.24532984
0.23993598
0.24739374
0.24411568
0.24122903
0.23885338
0.243171
0.23995015
0.2515714
0.24699116
0.24045403
0.24054682
0.24026555
0.24747457
0.24258982
0.2426304
0.2434729
0.24532667
0.24192244
0.24549195
0.23910111
0.24429037
0.2424236
0.23759703
0.24365984
0.24098548
0.24033336
0.24790667
0.2407844
0.24496812
0.2442274
0.24868234
0.24374993
0.24405563
0.23768955
0.24247517
0.24594623
0.24270636
0.23894788
0.24162456
0.24057029
0.25003016
0.24080764
0.2432023
0.24211869
0.2473093
0.24231914
0.2419386
0.2435245
0.23698783
0.24493027
0.24259944
0.23993367
0.2465129
0.24239422
0.2395084
0.24277927
0.24089189
0.24076621
0.23945396
0.23870665
0.2395873
0.23994923
0.24573602
0.2420019
0.23966166
0.2398104
0.23929904
0.24052715
0.24061634
0.24043114
0.24079457
0.23761787
0.23824063
0.24638295
0.2401528
0.23564239
0.23923498
0.24289952
0.24636284
0.23755096
0.23813233
0.24123342
0.23656881
0.24247889
0.24033874
0.23904313
0.24550064
0.24501546
0.23655164
0.24174736
0.23936543
0.24610637
0.24038047
0.24012825
0.2405395
0.2397103
0.24674736
0.24312888
0.24160062
0.23893462
0.24088845
0.23985027
0.24057819
0.2374916
0.24061252
0.23582931
0.25127807
0.2401939
0.23551035
0.24061672
0.23914361
0.24192743
0.2389171
0.237433
0.23809561
0.23797414
0.23845705
0.23927191
0.23545298
0.23705424
0.24278817
0.24143046
0.23683189
0.23946136
0.24516045
0.23542303
0.2346875
0.23862487
0.24948913
0.245108
0.23869619
0.23972918
0.23954281
0.2399449
0.24036145
0.2388768
0.23863655
0.23616025
0.24635497
0.2410067
0.2375021
0.24288204
0.24492858
0.23968516
0.23927958
0.2383657
0.2416815
0.23858774
0.25159606
0.2407663
0.24119054
0.2409153
0.24166079
0.24051143
0.2417905
0.23956992
0.24337158
0.23853192
0.23814031
0.2425117
0.24471644
0.23992601
0.24481185
0.2366374
0.2378794
0.24418336
0.23881793
0.23990539
0.24165033
0.2385568
0.23652655
0.245608
0.24213122
0.24103324
0.23758028
0.2392385
0.23587404
0.23830235
0.23728202
0.23601308
0.24082756
0.23635976
0.24437293
0.23847647
0.24114813
0.23823608
0.23812507
0.2383544
0.2377253
0.24055377
0.23605369
0.24038234
0.2369614
0.240412
0.23829821
0.25025153
0.24071392
0.2407966
0.23897424
0.23945673
0.23715828
0.23902105
0.23796023
0.2355733
0.23919912
0.24262998
0.23596147
0.23604634
0.23404399
0.23936538
0.24100047
0.23679273
0.23735625
0.2359541
0.23819347
0.2390582
0.24237877
0.23948662
0.23948137
0.23933849
0.24020493
0.24143465
0.23712102
0.24258183
0.23628408
0.23432897
0.2359189
0.24079321
0.24456601
0.23970062
0.23570868
0.23466069
0.23763232
0.23978204
0.23886341
0.23920998
0.23471107
0.24237204
0.23530848
0.23930873
0.23956655
0.23741987
0.23833753
0.23625255
0.24005437
0.23557249
0.23671499
0.23954721
0.23069452
0.23740417
0.23134708
0.23651226
0.23938775
0.23941773
0.23627481
0.24056281
0.23923723
0.2377284
0.23585986
0.23516063
0.23555379
0.23666668
0.23536325
0.23628716
0.23472367
0.2362917
0.23528431
0.23746866
0.23851725
0.2426972
0.23748136
0.24196216
0.23727734
0.23457195
0.23605664
0.23339318
0.23577634
0.23617944
0.23153289
0.23513548
0.23776251
0.23799944
0.23277195
0.23252809
0.23227827
0.24205828
0.2332841
0.23266898
0.22942239
0.23534232
0.23702201
0.23261154
0.23863514
0.2336859
0.23265412
0.2375896
0.23252591
0.2320328
0.23307106
0.23376304
0.24197322
0.23421729
0.23744132
0.23797762
0.23475668
0.23851903
0.23297065
0.23191169
0.23661977
0.23736143
0.23965034
0.23953123
0.23280409
0.23414151
0.23297065
0.23376346
0.23202844
0.23363465
0.23369879
0.23225676
0.23697971
0.23112056
0.23420726
0.23862186
0.24172933
0.23077922
0.23908158
0.23119767
0.23231483
0.23701024
0.23021287
0.23829535
0.23694533
0.2350413
0.24374753
0.2368756
0.23281732
0.23462781
0.2304349
0.2296625
0.23240504
0.23385407
0.22973631
0.23362952
0.23346151
0.23209763
0.23601499
0.23128717
0.2304838
0.23328426
0.23173477
0.2338347
0.23128638
0.2364791
0.23563242
0.231381
0.23153119
0.23082879
0.23131053
0.23430574
0.2313331
0.23197313
0.23538512
0.23510095
0.23094751
0.24378262
0.23993555
0.23935091
0.23239903
0.23257329
0.23946594
0.23597811
0.23083696
0.24069726
0.22893675
0.2304895
0.22993259
0.23375422
0.23133357
0.23528577
0.23410115
0.24426888
0.23392399
0.23210704
0.22851872
0.23530261
0.23037346
0.23033863
0.23151392
0.23187011
0.22973451
0.23269315
0.23134117
0.23524082
0.23263644
0.23697086
0.23118722
0.23459467
0.24395314
0.2327038
0.23226148
0.23083574
0.23251832
0.23446405
0.23103274
0.23226032
0.23033178
0.23295394
0.23250741
0.23229352
0.23152898
0.23346105
0.23173313
0.22967377
0.23557593
0.2297271
0.22726075
0.2462927
0.23333019
0.23582627
0.23476008
0.23298322
0.23033151
0.2343111
0.23503119
0.22742243
0.23086962
0.22923404
0.23158993
0.22924614
0.23339504
0.23410097
0.23225762
0.23061524
0.23085125
0.23660637
0.23451793
0.23726977
0.23414464
0.2357335
0.23210591
0.23153313
0.23521997
0.23064892
0.23258032
0.23231138
0.24152839
0.23842013
0.22960413
0.2324364
0.23056
0.23235486
0.2365942
0.23158261
0.2309209
0.23527758
0.23062065
0.23637532
0.23152137
0.23259602
0.2317717
0.2400455
0.23308876
0.23268001
0.23277949
0.23212671
0.23218189
0.22973734
0.22979993
0.23863375
0.23127957
0.22686781
0.2300172
0.2308451
0.22853953
0.23247604
0.22771135
0.23537347
0.23389669
0.2290581
0.23741977
0.23214047
0.22963083
0.23031466
0.2337403
0.23259565
0.23015445
0.22823967
0.23197661
0.23000997
0.2306054
0.23050295
0.23368515
0.23152587
0.23035525
0.23139517
0.23098643
0.23074684
0.23381624
0.22991988
0.2375089
0.23039785
0.23105769
0.22967198
0.233903
0.23100054
0.23000884
0.23386909
0.23713502
0.23116042
0.23310468
0.23312508
0.23249196
0.23867555
0.23623693
0.23327494
0.23685469
0.23002781
0.23433508
0.23092
0.23223181
0.23144166
0.23176257
0.23234855
0.23126951
0.23206444
0.2320773
0.22807992
0.23277633
0.23109472
0.23105787
0.23005834
0.235104
0.2315429
0.23202132
0.23856506
0.236319
0.23403801
0.23346093
0.23036392
0.23539716
0.2339273
0.23323852
0.23278974
0.23011054
0.23459862
0.23299484
0.23253126
0.23340844
0.23319922
0.23331602
0.23124014
0.23592934
0.24099475
0.23498583
0.23746535
0.23177353
0.22899571
0.22977741
0.23600435
0.23155703
0.23473664
0.22884195
0.23391332
0.23048328
0.2308014
0.23300236
0.23299126
0.2298784
0.23342754
0.23672292
0.23463798
0.2307772
0.23210138
0.22830161
0.23330712
0.23717067
0.23352878
0.22893128
0.2337958
0.2303944
0.22978263
0.23126893
0.22822195
0.22730173
0.23156808
0.23270857
0.22962071
0.23057514
0.22717133
0.22853498
0.23061202
0.23008764
0.22819892
0.23187144
0.2261261
0.22681925
0.23643525
0.2322217
0.23582196
0.23211592
0.22714904
0.23473239
0.23095883
0.23076214
0.22898859
0.23078996
0.22958542
0.22841322
0.23237644
0.23205619
0.23134527
0.23133668
0.2291494
0.22862305
0.23745911
0.23111843
0.23246203
0.23118845
0.24144365
0.23304968
0.22948356
0.22847289
0.22666706
0.22544888
0.22695138
0.22662906
0.22769026
0.22690634
0.23395337
0.22865231
0.2298071
0.23294699
0.23161022
0.2308106
0.23101293
0.2293321
0.23074967
0.23210108
0.23171286
0.23428206
0.2309568
0.231776
0.2390877
0.23058082
0.22585386
0.23166189
0.22675666
0.23290463
0.22918528
0.22932541
0.23299712
0.23102242
0.23183744
0.23324046
0.24059494
0.233578
0.23326783
0.22787213
0.22717674
0.23047231
0.23144437
0.23555566
0.23138663
0.22982799
0.22952247
0.23187026
0.22886455
0.23186928
0.226886
0.23023395
0.22493199
0.23137671
0.22709878
0.22499964
0.22634472
0.22654775
0.22994937
0.23768976
0.2282026
0.22842242
0.22939953
0.2254371
0.22674164
0.23212796
0.25137174
0.22991534
0.2274332
0.23298708
0.23048805
0.23081665
0.23161371
0.23280267
0.2303223
0.22944613
0.23396648
0.23517421
0.23261572
0.2287892
0.2354973
0.22882558
0.23324642
0.22973433
0.23183404
0.2291213
0.23134887
0.23229866
0.23004113
0.23035036
0.23089635
0.23092173
0.23225497
0.2294344
0.23139274
0.23013553
0.23401971
0.22939429
0.2304439
0.22833794
0.2332297
0.2308494
0.23079093
0.22969519
0.23112392
0.2309896
0.23236936
0.23032597
0.2307054
0.23705597
0.23097853
0.23199002
0.22924492
0.23236598
0.23669268
0.2303087
0.23130666
0.22993186
0.22893396
0.23017168
0.2319789
0.23309049
0.22873649
0.22775902
0.23480712
0.23098564
0.227347
0.23340812
0.22934406
0.2282137
0.2320781
0.23014192
0.22772014
0.23155764
0.2287424
0.23258948
0.2290919
0.22947934
0.22969408
0.22843789
0.2270792
0.22870469
0.2304165
0.23144089
0.23311047
0.23569363
0.2306508
0.22940041
0.22975738
0.23694898
0.22842523
0.2315862
0.23485471
0.23234859
0.23258655
0.2319985
0.23199444
0.23567761
0.23095335
0.22777505
0.23032998
0.23398265
0.23178436
0.22878247
0.2305892
0.2294328
0.23216999
0.230948
0.23086835
0.23229639
0.23028265
0.23337527
0.23679665
0.23049769
0.23507039
0.23285279
0.2299562
0.23353396
0.23236623
0.23655266
0.23269388
0.22968975
0.2309663
0.22802038
0.2355251
0.22967976
0.23062126
0.24160339
0.23203759
0.22966222
0.23055354
0.23039855
0.23034738
0.22887833
0.22954778
0.23074502
0.22880064
0.22933106
0.2306123
0.22790727
0.23017374
0.22820522
0.23188935
0.22915597
0.22892304
0.22920814
0.2339976
0.23515809
0.2325704
0.22764856
0.2356639
0.23191361
0.23839866
0.23435824
0.22702736
0.23175116
0.22977486
0.22946122
0.23222554
0.23080572
0.2305309
0.22688554
0.2270462
0.23121828
0.23284572
0.2279739
0.2299588
0.23300931
0.23481743
0.22963299
0.2360727
0.22851132
0.22843398
0.23426488
0.22813919
0.2305765
0.2286405
0.22997534
0.23901963
0.2311882
0.2311409
0.22945505
0.23129126
0.23352557
0.22949389
0.23208335
0.23132345
0.23128416
0.23032078
0.22901389
0.22884454
0.2313104
0.22942792
0.2297627
0.23068537
0.23143975
0.23090376
0.23946369
0.23287962
0.22755839
0.2297814
0.22831579
0.22807856
0.23189478
0.23151432
0.23009154
0.2307985
0.22628638
0.23236492
0.2359203
0.23163962
0.22952041
0.23066542
0.22928901
0.23157334
0.23016818
0.25171635
0.23063836
0.23141205
0.23134954
0.23192905
0.2258556
0.22851817
0.22972846
0.2305789
0.22904153
0.22833005
0.23204972
0.22975574
0.22809291
0.22983319
0.22705401
0.2270025
0.22914033
0.22771385
0.2292075
0.22682437
0.22746529
0.22538616
0.23325522
0.23048845
0.2300155
0.22929324
0.22801363
0.22885053
0.23032191
0.23159267
0.22687505
0.22902422
0.22783367
0.23111099
0.22930904
0.2303262
0.23227613
0.22727282
0.22760934
0.23101021
0.22807468
0.22661576
0.22762051
0.22673652
0.22676411
0.24218774
0.23217149
0.22870705
0.22960179
0.23082642
0.22793004
0.22723298
0.22655325
0.22990304
0.23008063
0.22717291
0.22492626
0.22859794
0.23046094
0.23074596
0.23207493
0.23455797
0.22933917
0.22804664
0.22676633
0.2272883
0.22680157
0.22472589
0.22732125
0.22617778
0.2484687
0.22931649
0.2284322
0.23316865
0.22968012
0.2301061
0.22770287
0.22883873
0.23268607
0.2267766
0.2262719
0.22752175
0.22959058
0.22764651
0.22716177
0.22634785
0.23018153
0.22638223
0.22831917
0.22674249
0.23505473
0.22835226
0.22759612
0.22602639
0.22729987
0.23309614
0.22786213
0.22742207
0.22713272
0.22484915
0.2249812
0.22866046
0.22837627
0.22772537
0.22712329
0.2239686
0.2249268
0.22799517
0.22805911
0.22599784
0.22395596
0.22816755
0.22877482
0.22841164
0.22612627
0.22782736
0.23114344
0.2319967
0.22734918
0.22627436
0.2257774
0.22471455
0.22729507
0.22928087
0.22601584
0.22619188
0.23356901
0.2297262
0.23076804
0.22715905
0.22787935
0.22723319
0.22758545
0.22968732
0.22962044
0.23039483
0.23119767
0.23395309
0.23031445
0.22607984
0.22695464
0.22799377
0.22955026
0.22763188
0.22784474
0.22764568
0.2307584
0.22669536
0.22874622
0.22847614
0.22808935
0.22640899
0.22732498
0.22819678
0.2280745
0.228297
0.23276453
0.22706898
0.22964609
0.22822355
0.22472414
0.22563832
0.2268321
0.2391722
0.23132211
0.22819933
0.22641358
0.23027691
0.22405691
0.22291955
0.22964253
0.2276037
0.23002905
0.22964364
0.22653265
0.22766162
0.22920132
0.22647005
0.22376698
0.23136799
0.2646067
0.22886448
0.22900377
0.22641394
0.2292937
0.2566857
0.22772437
0.22458409
0.22845961
0.22719388
0.22436364
0.2289121
0.22505467
0.22422974
0.22604275
0.22284336
0.22697529
0.22616747
0.22760648
0.22830461
0.22919369
0.22677262
0.22333373
0.22431408
0.22562866
0.23796223
0.23015025
0.2301129
0.2251557
0.22618613
0.22602549
0.22899976
0.23082599
0.2259873
0.22367707
0.2270486
0.22741939
0.22832648
0.22649635
0.23135519
0.22796427
0.22958255
0.22768791
0.22979753
0.22443403
0.22562702
0.22577456
0.23236245
0.2260654
0.23147061
0.22603762
0.22556911
0.22643049
0.22821002
0.22305709
0.2321825
0.22832209
0.22641137
0.22671439
0.22492209
0.22553104
0.22453311
0.22919366
0.22934064
0.2251993
0.22300568
0.22920467
0.22763117
0.23202965
0.22980297
0.22702482
0.22508638
0.22620118
0.22871262
0.22562917
0.22462517
0.22937924
0.22963654
0.2279096
0.22651012
0.22793771
0.22686017
0.23081508
0.22676101
0.22690217
0.22872774
0.22697654
0.22936027
0.22445276
0.22724518
0.22609688
0.22614235
0.22599974
0.22734883
0.22781156
0.2292357
0.22553398
0.22999583
0.23146956
0.22878344
0.22782518
0.22706886
0.23332433
0.22782907
0.2260358
0.22545336
0.22687152
0.22770934
0.22635768
0.23037142
0.22754821
0.22823186
0.22765516
0.22856198
0.22500941
0.22850366
0.22796626
0.22748707
0.22567652
0.22519079
0.22887121
0.23199734
0.22738342
0.2234646
0.21992628
0.22793859
0.23035711
0.23192061
0.22776784
0.22747044
0.23031682
0.22587018
0.23176405
0.22926709
0.22539367
0.22734074
0.22457173
0.223181
0.22089161
0.22437777
0.22331828
0.22148219
0.22297232
0.22790067
0.23586775
0.22425832
0.22378208
0.22547442
0.2261973
0.22573093
0.22170149
0.2255532
0.22757795
0.227712
0.22661573
0.2260331
0.22604187
0.22575833
0.22593297
0.22265986
0.2266689
0.22235556
0.2245316
0.22515373
0.22650765
0.22493505
0.22729883
0.22384635
0.22857285
0.22749731
0.22598158
0.22513339
0.2232815
0.2260838
0.22172338
0.22418205
0.22749926
0.22794566
0.22408408
0.22401215
0.2235827
0.22561887
0.22528958
0.22511838
0.2267774
0.22651266
0.22581896
0.2238622
0.22269407
0.22173852
0.22951958
0.22514996
0.2234151
0.22266516
0.2269651
0.22779267
0.22848806
0.22425868
0.22931606
0.22590336
0.22837853
0.2259653
0.22579223
0.22629
0.22309364
0.22368969
0.22414592
0.22425899
0.2243388
0.23192218
0.22629866
0.22781387
0.22643167
0.22558111
0.22377719
0.2254243
0.2256664
0.22447121
0.226865
0.22561832
0.22351663
0.22566293
0.2225536
0.22697553
0.22152093
0.22267005
0.22457434
0.22622992
0.23168242
0.22730316
0.22601551
0.22866067
0.22517318
0.22456025
0.22560443
0.22271183
0.24406375
0.22614528
0.22474386
0.22785148
0.22425115
0.22697225
0.22608902
0.22863749
0.23005243
0.22864242
0.23279312
0.22752517
0.2295922
0.22606471
0.23129174
0.22456612
0.22574033
0.22441563
0.2236184
0.22428167
0.22506085
0.22394127
0.2285925
0.22704306
0.23570508
0.22865365
0.22603253
0.22581856
0.22356056
0.22806883
0.2267281
0.22633551
0.22680496
0.22356184
0.22892241
0.22449853
0.22641307
0.2253255
0.22502908
0.22612995
0.22626929
0.22599323
0.23206025
0.22897634
0.22552095
0.22782743
0.22716163
0.22491415
0.22745177
0.22193554
0.2225308
0.22775164
0.22212341
0.22377639
0.22199006
0.22445293
0.22722673
0.22756329
0.22842863
0.22375852
0.22329634
0.22306478
0.22182539
0.22219937
0.2262736
0.22405948
0.2210741
0.22500776
0.22269441
0.22286105
0.2233299
0.22263779
0.22390994
0.22763422
0.2229013
0.23027681
0.22317076
0.2253488
0.2271558
0.22485438
0.2241879
0.22582367
0.22449966
0.2250935
0.2257819
0.22442542
0.22604094
0.22461857
0.2251986
0.22106083
0.2252857
0.22672138
0.22488917
0.23004004
0.22235928
0.22387554
0.22617963
0.22707447
0.22563976
0.22414787
0.22923183
0.23158017
0.22368415
0.2261773
0.22854537
0.2252259
0.22558486
0.2277648
0.2297387
0.22487874
0.22630997
0.22563803
0.22590135
0.22541347
0.22774759
0.22977771
0.22487223
0.22513174
0.22297452
0.22640075
0.22492027
0.22436711
0.22242154
0.22880195
0.23785225
0.22514944
0.22577952
0.22525361
0.22545837
0.22220269
0.22375445
0.22471261
0.22524144
0.22410828
0.23177665
0.2231712
0.22401908
0.22261947
0.22328514
0.22783859
0.22520818
0.22588581
0.22696416
0.22326596
0.2315111
0.22318982
0.22106285
0.22771028
0.22745779
0.22703762
0.22567777
0.22701271
0.22042605
0.22449364
0.22430237
0.22520989
0.22524832
0.22528139
0.22367455
0.22413006
0.22591552
0.22770569
0.22302549
