0.7358397
0.66217685
0.7489194
0.739221
0.5578303
0.6457174
0.56298596
0.5288273
0.5137603
0.53046596
0.5392879
0.5113742
0.5133942
0.5462368
0.51556945
0.56100535
0.49397358
0.4965271
0.5086117
0.5309757
0.6179261
0.48639244
0.48341253
0.46164975
0.4997557
0.46757835
0.5068158
0.47385767
0.4693156
0.54601514
0.4565695
0.43337968
0.4529423
0.44171146
0.46525866
0.43988118
0.5361422
0.4645959
0.49216095
0.45911804
0.48032436
0.42474645
0.48744482
0.42182156
0.44444895
0.421935
0.5192087
0.4209584
0.43646896
0.42299125
0.41123858
0.4336274
0.46050316
0.43772185
0.4738767
0.40835956
0.40398666
0.4073541
0.40744427
0.4208283
0.42102352
0.4356208
0.388532
0.41865745
0.4151355
0.40135455
0.4191895
0.39528126
0.40188655
0.38571185
0.3647907
0.37051004
0.37829944
0.377559
0.3971933
0.35827813
0.3551895
0.4100418
0.36489597
0.36243072
0.37971616
0.40433136
0.34280923
0.41376635
0.35620278
0.430657
0.35530543
0.35856748
0.35764945
0.42133224
0.4042126
0.40464208
0.37503228
0.35263145
0.38106266
0.33298996
0.38485432
0.35580653
0.33617693
0.36127496
0.3918219
0.34245482
0.33196416
0.33375266
0.35054317
0.36446142
0.31735137
0.3446389
0.3804641
0.33606946
0.31118974
0.32050923
0.3184425
0.34271133
0.32239178
0.33522674
0.33454794
0.34603226
0.32566154
0.33015367
0.32480007
0.35687795
0.32381353
0.32027
0.32114506
0.3327177
0.32163775
0.33336174
0.31875148
0.30504757
0.32887766
0.31499207
0.34914944
0.3314834
0.3075938
0.32443243
0.31375802
0.2937723
0.30274704
0.3214973
0.3212158
0.329632
0.2938477
0.31344336
0.3088128
0.30327833
0.30201766
0.31552967
0.33358762
0.31300297
0.30735442
0.32486612
0.31450877
0.32095954
0.30969405
0.3068658
0.3165051
0.29523233
0.29611036
0.3089599
0.33176208
0.30104038
0.31944618
0.30585146
0.30058667
0.308791
0.2944586
0.2962202
0.30322522
0.2897342
0.31535548
0.2863886
0.30585632
0.2968489
0.29553145
0.29455063
0.30061096
0.28591803
0.28522813
0.29182914
0.28775653
0.29226255
0.27098933
0.28306043
0.29172373
0.27771202
0.29390183
0.29217553
0.28900337
0.27910438
0.30092108
0.31625116
0.30186927
0.30040967
0.29846737
0.2913218
0.3074696
0.28821194
0.28537497
0.27133605
0.28271252
0.28907135
0.2943411
0.29147002
0.2778137
0.2753983
0.274724
0.2780053
0.27994585
0.27006721
0.28067854
0.28206283
0.29530114
0.28345436
0.2828479
0.296262
0.27565953
0.2816761
0.28726733
0.29104215
0.29703626
0.2774919
0.27833292
0.28432965
0.27487043
0.26914337
0.28401467
0.28124824
0.27002028
0.27172107
0.289499
0.2819539
0.28288493
0.2651475
0.27582896
0.28308392
0.27691698
0.2716239
0.28154922
0.28047737
0.2736912
0.2704228
0.27351367
0.26554546
0.28655407
0.26402855
0.2786342
0.26396847
0.2711604
0.2734108
0.2725295
0.2656579
0.26626408
0.26167578
0.26705277
0.2740971
0.274014
0.27020425
0.27818978
0.26449934
0.26815838
0.28516063
0.25908217
0.2592355
0.28074622
0.2598115
0.2566447
0.26880923
0.26581004
0.27393457
0.26963252
0.27044508
0.25961772
0.27817053
0.27055386
0.25656837
0.28189325
0.2717741
0.27803296
0.26375353
0.2715996
0.28933775
0.2614074
0.27568948
0.26224756
0.2762287
0.25805032
0.28453517
0.26191083
0.2588066
0.2560484
0.25053132
0.26323998
0.25838956
0.26022702
0.27871883
0.26640534
0.26865855
0.27990624
0.2663975
0.27630016
0.25483963
0.2719632
0.27663606
0.26245123
0.28548798
0.2630376
0.2789839
0.2616029
0.2737821
0.27090597
0.26519507
0.27085352
0.2821691
0.26303473
0.25950584
0.27024934
0.25931352
0.2665125
0.25867242
0.268623
0.26055735
0.26569918
0.26861292
0.2830169
0.26931173
0.2600826
0.27272105
0.2755224
0.27206787
0.25542343
0.26096404
0.25929883
0.2529397
0.270101
0.26150772
0.2678592
0.26467732
0.26308998
0.26131305
0.26346084
0.25863662
0.25605989
0.26223174
0.2718773
0.25397918
0.25727624
0.2519713
0.25656855
0.25326654
0.25774416
0.26256302
0.27271613
0.27400923
0.2641712
0.26462144
0.2809273
0.26728728
0.25865224
0.255342
0.26941964
0.24975309
0.25925905
0.2594749
0.26841465
0.25570557
0.25049168
0.2570635
0.26253566
0.26829696
0.25470486
0.2590381
0.24843812
0.25437358
0.27287406
0.27644676
0.26137692
0.25508606
0.25255674
0.25340542
0.25792742
0.24850495
0.2541646
0.25268254
0.25546998
0.26154283
0.25060815
0.2520206
0.25198776
0.24987392
0.2585962
0.2597663
0.2539778
0.2505666
0.25832894
0.24809447
0.2514305
0.25457764
0.25879028
0.26078424
0.26361358
0.2572028
0.2543258
0.2625947
0.25581622
0.25420898
0.24611384
0.26386207
0.24475189
0.25385273
0.25520995
0.24425018
0.24731135
0.25977188
0.24532193
0.27684668
0.24904892
0.25021914
0.24636713
0.24379027
0.24513471
0.2542154
0.25364122
0.25385925
0.25012955
0.25052777
0.2481246
0.2504036
0.25145027
0.24746896
0.2441328
0.25063238
0.25014678
0.25459057
0.24940473
0.26629668
0.2581204
0.27614802
0.25551102
0.25381666
0.25343898
0.2525242
0.2513579
0.2486102
0.25467083
0.2502301
0.24803032
0.2510971
0.25221533
0.24998231
0.25360426
0.24981993
0.25477877
0.27575693
0.25309813
0.25288942
0.24927908
0.24048185
0.24685208
0.26345876
0.23954365
0.2503107
0.2606382
0.2522897
0.24537085
0.26332036
0.2565054
0.24957746
0.24673288
0.25923878
0.26633257
0.2630344
0.24974947
0.2534823
0.24866086
0.25379616
0.26222834
0.2474604
0.26540402
0.24354602
0.26053062
0.2500229
0.252243
0.2500117
0.24794106
0.24854295
0.25262415
0.24987504
0.2535655
0.2510548
0.24770942
0.2535301
0.24944651
0.25334695
0.24803701
0.24458893
0.2476161
0.24315105
0.25064513
0.25016782
0.24734837
0.24944939
0.24204414
0.25449392
0.24085426
0.24114703
0.24326731
0.24794465
0.24842964
0.25442675
0.2520217
0.24502797
0.25651875
0.25001013
0.24614139
0.2520749
0.24550109
0.2539411
0.2529416
0.2529383
0.25373468
0.26512852
0.24753599
0.25258288
0.24971785
0.24910265
0.25089535
0.26454964
0.2443746
0.2519077
0.25007898
0.24192934
0.2530505
0.25450787
0.27060625
0.25181413
0.25347435
0.24505334
0.25088385
0.25163156
0.2503336
0.25237155
0.24805582
0.25407654
0.24214685
0.24302925
0.24896441
0.2398972
0.2551628
0.24053274
0.25083494
0.24624147
0.24448009
0.25542545
0.24302125
0.24997844
0.25217068
0.24480096
0.2433297
0.24387193
0.24343453
0.24617927
0.25457078
0.24051325
0.25087634
0.24606168
0.2525024
0.2512572
0.25111488
0.24400339
0.24579181
0.25426215
0.25615382
0.24966803
0.25671655
0.24975777
0.25065196
0.2531015
0.2479966
0.25033304
0.25070855
0.25292766
0.2408474
0.2527124
0.25008035
0.2490932
0.24714828
0.24699087
0.24785057
0.24592756
0.24596752
0.24334544
0.2394548
0.24844229
0.2522296
0.24131466
0.24841079
0.24607006
0.24891235
0.2412558
0.24250324
0.24396645
0.24780528
0.24659163
0.24324688
0.25094664
0.24901448
0.2448747
0.2419587
0.23922633
0.25800496
0.24640284
0.250336
0.25225663
0.24998492
0.24981505
0.24644113
0.2528125
0.25097778
0.2478003
0.24118634
0.24761797
0.24580283
0.24221326
0.24628772
0.24562064
0.24144395
0.24644965
0.24645564
0.24862194
0.24759188
0.25329065
0.24721342
0.2540924
0.24850601
0.25522363
0.24764884
0.2501307
0.24867101
0.24364139
0.25063217
0.24471536
0.25399262
0.25185466
0.2502443
0.25577173
0.25303227
0.2509292
0.24953723
0.25431827
0.24401414
0.24758424
0.24544305
0.24337529
0.24353653
0.24729925
0.24847978
0.24540813
0.2487728
0.24247961
0.24842425
0.24419257
0.24381404
0.247133
0.24278125
0.24848437
0.24806984
0.2439157
0.2441473
0.2411062
0.24854475
0.24317972
0.25068212
0.24916936
0.24141203
0.2407551
0.2479076
0.25154454
0.24246211
0.24719341
0.24570367
0.24605982
0.24652581
0.24633588
0.2575167
0.24821174
0.24991325
0.24388416
0.24212202
0.2508921
0.24539661
0.24561052
0.24747132
0.24779254
0.24649139
0.24277033
0.24204844
0.24870436
0.24003379
0.2465819
0.24692541
0.25389743
0.24245775
0.24517678
0.25487104
0.25987837
0.25262
0.24332578
0.24752925
0.25523597
0.2514703
0.25501314
0.24971586
0.24062964
0.24807808
0.24560216
0.24529992
0.23945786
0.24972413
0.24061868
0.24120998
0.2484881
0.25330958
0.25361776
0.24812046
0.2513927
0.24745505
0.24965297
0.256671
0.24280086
0.2505142
0.24816057
0.25306734
0.2505695
0.2525248
0.2506999
0.24304552
0.2528926
0.25372738
0.2583377
0.24449094
0.24987517
0.24747181
0.24895002
0.24845041
0.2550426
0.26126936
0.25748956
0.24394292
0.23994116
0.24399859
0.25596848
0.24174884
0.24730581
0.24828874
0.24933049
0.24699585
0.24621744
0.24877533
0.24747592
0.24653426
0.24872299
0.24478093
0.25538254
0.24264553
0.2557947
0.25507167
0.24564476
0.24695078
0.24734554
0.24686122
0.24450615
0.24483575
0.24280296
0.24112768
0.2504644
0.24171425
0.24157262
0.24445792
0.24430843
0.2423928
0.24645972
0.24820583
0.24275239
0.24251492
0.24264613
0.2469812
0.2460875
0.24091367
0.2460522
0.2489978
0.24248588
0.2495494
0.24611689
0.24921383
0.24904792
0.23973127
0.24519415
0.24957263
0.24755523
0.2415404
0.24085398
0.24785274
0.24595162
0.24707502
0.25200066
0.23933399
0.24022923
0.2448354
0.23945078
0.2520046
0.24380404
0.25238395
0.24196787
0.2531724
0.24627185
0.24506615
0.24364626
0.2530407
0.24203208
0.24462622
0.24248184
0.24509163
0.24302754
0.24691013
0.24348673
0.23881087
0.24908522
0.24479914
0.23950851
0.24266765
0.25264692
0.24116609
0.25285298
0.24564925
0.24929486
0.24716693
0.24622107
0.2456883
0.25047916
0.2467413
0.2476998
0.24602738
0.24501409
0.24839357
0.24924128
0.2408914
0.24056736
0.25023693
0.24170527
0.24463634
0.24377798
0.24415237
0.24498762
0.24478056
0.24271007
0.2533676
0.24418461
0.2474029
0.24905099
0.24653403
0.24907574
0.25054556
0.24591419
0.24778505
0.24724087
0.24407236
0.24300885
0.24931858
0.24622571
0.25168365
0.24916776
0.25061095
0.24873614
0.24629104
0.2507439
0.24568845
0.24203315
0.24091502
0.24160309
0.24800824
0.2469972
0.24686536
0.24516891
0.2513117
0.2592524
0.2479542
0.2523648
0.24696244
0.24782205
0.2433893
0.24382083
0.24097747
0.24474499
0.24274462
0.24321947
0.2412355
0.24006796
0.24776202
0.24417861
0.25198507
0.24871275
0.2506194
0.25559583
0.24645843
0.24915661
0.24112459
0.24479564
0.24350947
0.24385674
0.2429387
0.24586736
0.24096256
0.24923937
0.24795733
0.2505329
0.25154907
0.2425136
0.24930836
0.25346333
0.2459654
0.2439558
0.24727774
0.2464662
0.243316
0.24550387
0.24199697
0.25127217
0.24424691
0.23920478
0.24545524
0.24229278
0.24082287
0.24180931
0.24244355
0.23980373
0.2428871
0.24315323
0.24900688
0.24143085
0.24235007
0.2394198
0.23640795
0.23583163
0.24660687
0.24336013
0.23955916
0.2445209
0.24307965
0.23465514
0.23757862
0.25068355
0.24475567
0.24395946
0.24093123
0.24462979
0.24035488
0.2426202
0.24204381
0.24243096
0.24442282
0.24140868
0.24273051
0.238223
0.23654673
0.24220173
0.24365382
0.23466827
0.24330373
0.2466656
0.24415848
0.2465798
0.24391206
0.23592779
0.24423021
0.23728648
0.24285285
0.2406632
0.24290368
0.24033564
0.24229433
0.2458537
0.23997167
0.24694689
0.24588536
0.24658284
0.24385712
0.24562423
0.24132977
0.24129732
0.24191932
0.2426548
0.2428682
0.24670544
0.24731505
0.2447448
0.24357028
0.24354108
0.24422634
0.24984388
0.25476936
0.24789889
0.26095894
0.24682952
0.24570638
0.24692287
0.24331197
0.24051757
0.23852862
0.24405669
0.24430971
0.25119793
0.24286595
0.24102078
0.24375576
0.24132282
0.24125727
0.24084221
0.23985587
0.2428319
0.24420404
0.24326307
0.24910304
0.24493214
0.24596913
0.24036874
0.24237674
0.24019669
0.24325311
0.24154632
0.24016133
0.23746693
0.25216544
0.2417855
0.24332935
0.24537
0.24687704
0.24261571
0.2414877
0.23999846
0.23789638
0.2395947
0.24310707
0.25311345
0.24523152
0.2410945
0.24804845
0.24328397
0.24849936
0.24228424
0.2481538
0.24669315
0.24406393
0.24022399
0.24893244
0.23937432
0.24535279
0.24494447
0.24498323
0.2449498
0.2435346
0.24128787
0.2462221
0.24757658
0.24471807
0.24328512
0.24256836
0.24290812
0.24677923
0.24394022
0.2501262
0.24134785
0.25229362
0.24365096
0.24341944
0.2436148
0.24748491
0.25490952
0.24808012
0.24873
0.24381498
0.24391368
0.2388894
0.23911367
0.24137953
0.24392907
0.24332902
0.23642513
0.24328353
0.23789923
0.24451594
0.24722463
0.24360023
0.2431894
0.24421518
0.25194216
0.24133624
0.2386082
0.24637234
0.24158259
0.24339491
0.24211845
0.24629647
0.24794535
0.24461125
0.24043776
0.24069539
0.2414179
0.2470077
0.23819365
0.24342938
0.24380614
0.23947656
0.24375792
0.24487467
0.24292833
0.24505831
0.2452727
0.24154405
0.23877235
0.2427755
0.24235223
0.24065708
0.2443008
0.24576136
0.24586284
0.24282585
0.24343084
0.24077477
0.23854078
0.2414824
0.24151896
0.23868363
0.23661299
0.23857127
0.24101493
0.2520217
0.24347784
0.24659726
0.24075331
0.24860081
0.24409994
0.24584201
0.24196312
0.24215555
0.23859659
0.24108057
0.24742457
0.24562462
0.23861058
0.23388273
0.24066734
0.23838973
0.24093047
0.23981191
0.24103682
0.2435368
0.24410501
0.23903409
0.2469631
0.24738766
0.24587616
0.24377918
0.24244668
0.24516752
0.24500996
0.2410105
0.24974658
0.23754825
0.24424125
0.23770596
0.23902282
0.24414699
0.2418841
0.24017294
0.24047649
0.24001543
0.2423756
0.24648862
0.24261662
0.23923989
0.23667394
0.24071942
0.24138217
0.24722113
0.2450492
0.24862923
0.24546212
0.24385618
0.24555846
0.24197093
0.24013811
0.24942148
0.24497062
0.23928663
0.24242261
0.242205
0.2445124
0.23679297
0.24463852
0.23889934
0.24348162
0.24194302
0.24089949
0.23957884
0.24368802
0.2425457
0.24006854
0.24041595
0.23860419
0.24503617
0.241526
0.2410003
0.23832965
0.24466161
0.24003018
0.2401391
0.24033359
0.24109304
0.24191667
0.23824352
0.23972906
0.24201141
0.24014433
0.24005958
0.23995143
0.24353985
0.24430074
0.24485166
0.24270365
0.24513182
0.24242438
0.24313842
0.24060576
0.24163537
0.23571405
0.24267271
0.23602338
0.24229126
0.2437033
0.2382329
0.24425477
0.24882959
0.24702312
0.2422165
0.24621223
0.24099004
0.24496284
0.24042465
0.2588239
0.24822576
0.2472657
0.24189901
0.24098499
0.24485213
0.24503902
0.24455002
0.23986535
0.24298248
0.2351227
0.2446482
0.2440366
0.24412993
0.24950205
0.25094825
0.24617355
0.24629724
0.25118005
0.24581222
0.243404
0.24325822
0.24447392
0.24536942
0.24503177
0.24787341
0.23974
0.24743241
0.25097337
0.2455155
0.24239315
0.24124666
0.2387715
0.23721015
0.24331878
0.24377522
0.24761797
0.24226746
0.24098465
0.23967525
0.2450078
0.24786739
0.2476925
0.24217977
0.24370833
0.24730211
0.25138485
0.24408409
0.25079247
0.25156546
0.24959347
0.24907447
0.24699512
0.24982303
0.2516061
0.24359857
0.24959235
0.24726568
0.2484985
0.24121977
0.25063416
0.24453337
0.2510516
0.25215548
0.2453844
0.2431259
0.24132617
0.24396807
0.24329594
0.24720247
0.24537668
0.2488234
0.24639077
0.2480958
0.24393882
0.24465035
0.24597222
0.24386482
0.24508311
0.24714862
0.25075305
0.25222522
0.25150254
0.24776535
0.24769846
0.24806608
0.2453227
0.24908105
0.2461814
0.24511415
0.24192192
0.24391827
0.24598613
0.24234292
0.24929222
0.24714762
0.24220861
0.24717954
0.24394968
0.25212285
0.24856813
0.25049078
0.24733545
0.2468203
0.2409093
0.24580447
0.24366336
0.23949933
0.24318078
0.24764852
0.25070122
0.24303603
0.2493484
0.24366824
0.25058612
0.241965
0.24173595
0.24738756
0.24870923
0.24807549
0.24361573
0.24380107
0.24826217
0.24891885
0.24077396
0.24226601
0.24410023
0.25192383
0.24159946
0.23781578
0.24152468
0.24436326
0.24910213
0.2383684
0.23889111
0.25045064
0.24156651
0.24255092
0.24531537
0.25035357
0.2439592
0.24184118
0.24840218
0.24586403
0.2414847
0.24232928
0.24482444
0.24653523
0.2423306
0.24286477
0.23983742
0.24440327
0.24227273
0.24424504
0.24157634
0.24385335
0.2391894
0.24784379
0.24352187
0.24640666
0.25554967
0.24034528
0.24318694
0.24968797
0.25256285
0.24414276
0.24718012
0.24576004
0.24026474
0.24623138
0.24763454
0.24931474
0.25771135
0.24158809
0.24868827
0.24975738
0.2468151
0.2464213
0.23967136
0.24245435
0.24385639
0.24169663
0.2415973
0.24782231
0.25061923
0.24604107
0.24058041
0.25245103
0.25019446
0.24287283
0.24471267
0.24635717
0.24383456
0.24060737
0.24232963
0.2511248
0.24525845
0.24486858
0.24695115
0.24477163
0.24639194
0.23928526
0.24139139
0.24068572
0.2452284
0.24149199
0.24557196
0.245307
0.24653432
0.245209
0.24299023
0.24970502
0.24266829
0.2485407
0.23986548
0.24080223
0.24064839
0.24195309
0.24075492
0.24076895
0.24084875
0.24658348
0.24627711
0.24455278
0.24666712
0.24426137
0.24778907
0.24250413
0.24675938
0.24295236
0.2438457
0.24726869
0.24650826
0.24578017
0.24512778
0.2474333
0.2508462
0.24055149
0.23725289
0.24837407
0.24647063
0.24129565
0.242557
0.24684612
0.2420591
0.24447818
0.2460074
0.24183613
0.23714408
0.24061331
0.24371362
0.24423693
0.24618138
0.2401001
0.23834862
0.23797932
0.24040158
0.23935513
0.24237998
0.24727738
0.2395233
0.24209994
0.23919083
0.24200843
0.2447278
0.24592844
0.23753564
0.24772744
0.23851705
0.2368058
0.233233
0.24289587
0.23945735
0.23878191
0.24562685
0.24277534
0.24231093
0.2361716
0.23728512
0.23913157
0.2391524
0.24540454
0.23194356
0.23827459
0.23870079
0.23742104
0.23845105
0.24153653
0.23639601
0.2406961
0.23862833
0.24028231
0.24373734
0.23792154
0.2380461
0.24538061
0.2459798
0.24405782
0.23989227
0.23989315
0.23699196
0.23736385
0.23518412
0.2407597
0.23628809
0.23763329
0.23840117
0.2363783
0.23564772
0.23979534
0.23982942
0.2366505
0.23870336
0.24235803
0.23998965
0.24274194
0.24420805
0.24002743
0.25243446
0.24310535
0.24503167
0.24295586
0.23992467
0.24829441
0.24293785
0.24518515
0.2417315
0.24636433
0.24480516
0.24647798
0.24412797
0.24359554
0.23908111
0.2495209
0.24539442
0.2494621
0.24493633
0.25182322
0.2441403
0.24872376
0.2458803
0.24340926
0.24753506
0.2450603
0.24454683
0.24335717
0.23888533
0.24001648
0.25234178
0.24715161
0.24204388
0.24607126
0.24479936
0.24167532
0.24660112
0.24413872
0.24276294
0.24164484
0.24677151
0.2435085
0.24493466
0.243779
0.24400225
0.24262455
0.24306227
0.24383901
0.24620835
0.24330175
0.24196115
0.24873705
0.23881876
0.24068327
0.23391987
0.23919046
0.23674037
0.23926547
0.23725049
0.24093348
0.24342835
0.23925568
0.24358721
0.24215357
0.2364054
0.24459721
0.23771125
0.24261695
0.24025495
0.24143757
0.24237826
0.23964737
0.23736598
0.2365786
0.24183792
0.23978198
0.23982349
0.23933974
0.2457841
0.24463938
0.24457195
0.2384044
0.24228354
0.24558632
0.2441009
0.24167994
0.24151203
0.2441235
0.23904306
0.24012974
0.23756361
0.24837714
0.24435742
0.24479082
0.2371822
0.24163395
0.24756253
0.24300963
0.24114661
0.24070176
0.24489018
0.23797518
0.23808767
0.24142286
0.24297617
0.23909739
0.24513213
0.24525672
0.24079385
0.24289162
0.2424796
0.24422194
0.24907826
0.24595214
0.2413689
0.24318604
0.24737234
0.24772002
0.24175692
0.24378043
0.24359071
0.2432336
0.24527176
0.24219203
0.2449282
0.24335267
0.24515255
0.23909742
0.24790247
0.24092399
0.25154817
0.2446921
0.2458052
0.24210922
0.24814746
0.24264184
0.24544016
0.24491554
0.24412891
0.24426104
0.24586362
0.24702974
0.24930835
0.24605311
0.24247117
0.23925571
0.25088093
0.24192381
0.23922943
0.24276072
0.23979685
0.24223967
0.24277097
0.24745125
0.2512342
0.24277893
0.23804927
0.23892717
0.2406208
0.24437018
0.24017304
0.24674651
0.2459343
0.23932543
0.23919101
0.24168098
0.24555853
0.24574077
0.24308495
0.24698935
0.2463312
0.24558283
0.25095156
0.24654083
0.2439689
0.24714655
0.24501888
0.24851927
0.24246457
0.24309868
0.2471568
0.24062908
0.2419769
0.24425238
0.24020381
0.24316403
0.24397424
0.24556431
0.24004237
0.2426548
0.24349095
0.24336018
0.24724662
0.23905
0.24019805
0.24674337
0.24908409
0.24026975
0.24233733
0.24604072
0.24172826
0.24436072
0.23799805
0.24642429
0.24543966
0.24768066
0.24592938
0.24966252
0.24242727
0.24783517
0.24295866
0.24349955
0.24168108
0.2472605
0.24155474
0.23811632
0.24148901
0.2437395
0.24161756
0.2447635
0.24315023
0.24301381
0.23912221
0.24219885
0.23972
0.24169357
0.245037
0.24119169
0.23901193
0.24493101
0.23646851
0.23863347
0.24565037
0.24415174
0.2434844
0.24152903
0.2417465
0.23763533
0.24561249
0.2423291
0.24081494
0.24447514
0.2400445
0.24326201
0.24706228
0.24070907
0.24325137
0.24708009
0.246796
0.2447787
0.24790409
0.24426231
0.24547991
0.24717945
0.24621253
0.24773432
0.24584581
0.24782553
0.25183657
0.24665639
0.24581113
0.24964854
0.24323305
0.24412659
0.25028893
0.24916963
0.247769
0.24163678
0.24205314
0.24361295
0.2478648
0.24292727
0.24432887
0.24394728
0.25142774
0.24583662
0.25184932
0.2478247
0.24745488
0.24514246
0.24273957
0.24534383
0.24572992
0.242125
0.24355423
0.24195096
0.24262348
0.23951043
0.24135827
0.24325123
0.2424085
0.24501377
0.24279912
0.2492059
0.2468895
0.23994848
0.24436119
0.24873114
0.24617968
0.25366327
0.2476159
0.25060293
0.24772589
0.24605647
0.24656084
0.24561588
0.2415999
0.23916715
0.24224181
0.24694023
0.24066745
0.2452508
0.24545781
0.24604717
0.24284247
0.24399471
0.24876016
0.23934552
0.24152002
0.24330133
0.24512337
0.24604672
0.24771562
0.24712308
0.2451483
0.24677497
0.24685156
0.24415311
0.24331076
0.24813618
0.24523534
0.24030818
0.24472609
0.24827264
0.23929898
0.24188486
0.2507064
0.24724424
0.23974319
0.24399665
0.2407941
0.24080867
0.23946941
0.24042939
0.24168713
0.25041407
0.24644677
0.24636014
0.25148305
0.24343777
0.24620952
0.2511804
0.24445829
0.24522862
0.24538401
0.24911928
0.25060982
0.2505477
0.24418247
0.2464677
0.2482305
0.2485831
0.24312234
0.24184592
0.24129814
0.24444863
0.2439113
0.24770102
0.24596149
0.24618182
0.24515219
0.2474888
0.2432316
0.24207848
0.24720731
0.24003133
0.24404356
0.24774024
0.24476553
0.24393131
0.2441211
0.24543571
0.24865755
0.25005332
0.24757496
0.24719276
0.246285
0.25088194
0.24790886
0.24326377
0.24281067
0.24702331
0.24196306
0.24542563
0.24411161
0.24722819
0.2393478
0.24269827
0.2399228
0.24387847
0.24637125
0.2482885
0.24769275
0.24420677
0.2481695
0.24845001
0.24100946
0.23978917
0.24698932
0.2506033
0.2507277
0.25134054
0.24535373
0.2468108
0.24661991
0.2410919
0.24634737
0.25116587
0.24366102
0.24130483
0.24468824
0.2440663
0.24129316
0.24581756
0.24146414
0.24665831
0.24366966
0.2472938
0.25034013
0.24882671
0.24641506
0.24582607
0.2494908
