0.7533912
0.66070354
0.6079028
0.7604054
0.5543182
0.5687034
0.5630954
0.6140629
0.52370024
0.528825
0.5543366
0.560765
0.528275
0.66115177
0.54886615
0.50845724
0.51612735
0.48623928
0.48064587
0.4909265
0.571967
0.48764443
0.48430294
0.48284042
0.48411003
0.46412626
0.5204572
0.47325605
0.44553512
0.48472938
0.4445887
0.44730115
0.45947668
0.47207245
0.46708927
0.4456148
0.54037
0.46281388
0.4404192
0.44473657
0.45709327
0.44474742
0.44450867
0.42961743
0.4252535
0.42318285
0.44007364
0.424915
0.44143632
0.43093717
0.5203291
0.44170055
0.45381162
0.44510543
0.4128563
0.42399722
0.43825883
0.4450417
0.45695227
0.4030558
0.4033568
0.42740196
0.39325517
0.4122991
0.38912266
0.4372726
0.43423995
0.40665743
0.39414167
0.39719972
0.39814058
0.40172073
0.39457855
0.40598738
0.37883306
0.3735493
0.37674728
0.3732314
0.36398658
0.35833782
0.4246143
0.35641813
0.38262972
0.39954847
0.34000477
0.36346608
0.36590362
0.34224635
0.35963383
0.35514465
0.3350284
0.34027758
0.3445336
0.33973107
0.34367663
0.33023468
0.35143444
0.3477229
0.35683587
0.33092102
0.353104
0.33890906
0.36063904
0.3569999
0.3189458
0.331195
0.34604126
0.32925978
0.33764526
0.35355595
0.35318026
0.33640212
0.3760252
0.3235463
0.3473674
0.3206014
0.31368512
0.34766567
0.32081875
0.34626776
0.32895547
0.32201785
0.41104308
0.3223425
0.3139677
0.3172007
0.3183929
0.30573905
0.33366805
0.3276428
0.31491035
0.31216007
0.31408983
0.3463594
0.32686648
0.33065584
0.31233382
0.30775154
0.31300807
0.30976924
0.32706007
0.3288372
0.34723705
0.305134
0.31205255
0.31565842
0.340028
0.3267586
0.3132883
0.31479356
0.32052103
0.31184494
0.31322813
0.29451844
0.30280244
0.30242994
0.31035376
0.29845324
0.32097855
0.31790024
0.30863068
0.29453257
0.297577
0.29771104
0.32207373
0.30263963
0.30485946
0.31305128
0.2962736
0.30694538
0.30440992
0.32043424
0.3302961
0.31661922
0.3203513
0.29580766
0.30330977
0.29339778
0.29260996
0.30614072
0.30535328
0.30486828
0.30809632
0.30053306
0.31898797
0.30372435
0.30581167
0.31023654
0.29215452
0.28990257
0.30895427
0.29354548
0.32252666
0.2943775
0.29636556
0.28886908
0.3034108
0.30396873
0.30272603
0.31294706
0.29081094
0.29568398
0.29064882
0.2955437
0.30575186
0.29353163
0.2923154
0.30026546
0.2930322
0.29744712
0.29411983
0.30988538
0.2908342
0.28889936
0.2989064
0.292937
0.29508552
0.28919712
0.28829262
0.3103265
0.295177
0.28509712
0.30476302
0.29320365
0.29806194
0.2847644
0.3255629
0.28479534
0.28679538
0.28976882
0.2924802
0.3161189
0.2892858
0.29309905
0.29161775
0.28400043
0.28446162
0.2821195
0.31289792
0.28596145
0.29087067
0.28521422
0.29541367
0.2893525
0.29850206
0.3010131
0.2914233
0.31020537
0.3010402
0.3213331
0.2805812
0.29272038
0.28833833
0.29052508
0.29086408
0.28104538
0.2803778
0.28628296
0.28086454
0.2790587
0.28989145
0.29061842
0.28843674
0.30128402
0.2851803
0.28854713
0.28191847
0.2939849
0.29928875
0.27475062
0.2887544
0.2710581
0.2750419
0.27355498
0.2944069
0.28941578
0.27525175
0.2779321
0.27075773
0.27086705
0.29620895
0.2838189
0.2743641
0.2838287
0.29607782
0.29305005
0.2719864
0.28342322
0.28486347
0.2832858
0.2808973
0.27779487
0.27921978
0.27607572
0.2829058
0.27987656
0.2799682
0.2774213
0.28514427
0.28670764
0.29210874
0.28789937
0.27999023
0.28238595
0.2766214
0.2747799
0.27668792
0.2826304
0.27475238
0.288088
0.27689135
0.28161246
0.27981135
0.28156197
0.28581935
0.27530095
0.27561423
0.2930989
0.27796385
0.27664638
0.2714955
0.27611482
0.2750368
0.28940704
0.28025734
0.2819831
0.28531882
0.270639
0.28171608
0.27107733
0.28260702
0.27176708
0.26587242
0.27744582
0.27460772
0.27429476
0.27438024
0.27681696
0.2670771
0.27001774
0.2649324
0.2776799
0.27060908
0.280286
0.2878043
0.28813872
0.2814558
0.28748217
0.2741183
0.27566645
0.26393437
0.27133164
0.27156144
0.28181335
0.26610333
0.26793924
0.27856773
0.28411463
0.2718172
0.26529792
0.27731052
0.26690334
0.27829823
0.27886364
0.27452895
0.27679116
0.27364403
0.26783666
0.2755766
0.28477082
0.28319564
0.27600467
0.27654696
0.2704563
0.27707765
0.26899263
0.2718801
0.27649832
0.2752659
0.27632254
0.26992387
0.27716777
0.26355764
0.27165413
0.27643576
0.2801181
0.28564104
0.2741518
0.2821743
0.2747057
0.27705228
0.2646997
0.27169698
0.28141087
0.2712984
0.2775014
0.2765128
0.27096316
0.27542368
0.27341175
0.27261823
0.26838464
0.2645093
0.27365488
0.27160916
0.28600848
0.2684511
0.26774296
0.27279255
0.26949856
0.27637264
0.28494596
0.27560318
0.2777482
0.27150497
0.27306268
0.28848603
0.27275074
0.28119153
0.26753405
0.28063893
0.2687768
0.29049107
0.2661361
0.27984512
0.27194458
0.26383615
0.26805064
0.26576364
0.2690158
0.26243922
0.2642713
0.26349324
0.26956362
0.269179
0.26888764
0.26398197
0.26345026
0.26000702
0.2590004
0.2632197
0.26322427
0.25926095
0.26840857
0.2685864
0.26438263
0.26183137
0.27791917
0.26201996
0.26962838
0.25725463
0.27242276
0.27547988
0.2727675
0.2653255
0.27123427
0.263939
0.2644855
0.26762152
0.27257404
0.2699218
0.26787066
0.25820473
0.26244876
0.2718174
0.2656156
0.2602216
0.27630413
0.2686027
0.26728684
0.26279697
0.2663603
0.25986332
0.2700452
0.28506944
0.27018636
0.27666613
0.269172
0.25951886
0.25741702
0.26311874
0.26597956
0.27151355
0.26426917
0.26562795
0.26087895
0.26028392
0.26654372
0.2609076
0.2592496
0.26702324
0.28406104
0.2647804
0.26007283
0.2579117
0.2576489
0.26070964
0.25616765
0.26267305
0.26567
0.2591519
0.25915465
0.2729383
0.26891533
0.27758843
0.26213458
0.26256272
0.2613163
0.26567551
0.26953155
0.25875756
0.25925907
0.264139
0.26117536
0.25623378
0.2743404
0.2645461
0.2874786
0.25406858
0.25121936
0.25859445
0.27052498
0.26210546
0.26750952
0.26152754
0.2712648
0.26146558
0.25638473
0.26519495
0.2580432
0.26612923
0.2676672
0.2670968
0.2536808
0.26086146
0.25485054
0.26323372
0.2563408
0.26408872
0.26437044
0.25554195
0.26568097
0.25564265
0.272104
0.26366764
0.25682443
0.2622792
0.2658941
0.26377642
0.25777102
0.26163843
0.25976893
0.26925516
0.26536667
0.25989497
0.25772572
0.2558211
0.27004668
0.25091755
0.25862888
0.26546055
0.2645912
0.25678492
0.2618197
0.25816917
0.25881565
0.2684392
0.26906988
0.2572714
0.25579652
0.2574065
0.26306397
0.2610253
0.25362617
0.26116583
0.25549617
0.25742784
0.25771907
0.26347822
0.25733486
0.25802642
0.25507292
0.25716278
0.26723137
0.25203946
0.26409405
0.2617502
0.25466242
0.24621014
0.26801276
0.24821077
0.2531627
0.24835047
0.25122303
0.25103763
0.25582924
0.25153574
0.25068933
0.24724166
0.25411147
0.25665525
0.25796044
0.2602477
0.25336248
0.26573107
0.25782514
0.25606284
0.24692048
0.25301188
0.2584995
0.2666591
0.25087965
0.257526
0.25196418
0.24669287
0.24699154
0.25429866
0.25901327
0.26697642
0.25511134
0.25313112
0.25638
0.25450453
0.2525852
0.25942013
0.25268465
0.26029235
0.25605467
0.2549206
0.25433457
0.25701183
0.25359234
0.25793338
0.2577976
0.25733116
0.25369853
0.25241232
0.25527096
0.25085813
0.25753763
0.25903597
0.25915718
0.2527092
0.25790986
0.26000425
0.25406402
0.24913175
0.24802755
0.25211552
0.24465162
0.2543728
0.26186445
0.25579262
0.25635996
0.2583282
0.25714615
0.2607205
0.2570472
0.25589666
0.2552085
0.24779485
0.24990794
0.25117698
0.2518115
0.2509658
0.24602404
0.24685955
0.24663822
0.24795376
0.2511369
0.25508273
0.24494867
0.25090495
0.25006083
0.24456777
0.2471145
0.24712604
0.2675728
0.2553522
0.25503787
0.24675569
0.25220525
0.2607289
0.25714183
0.24772829
0.25219375
0.25786892
0.253359
0.24400142
0.24638267
0.25914642
0.2623188
0.2634771
0.25267023
0.2457592
0.25636733
0.25069594
0.25237137
0.2729247
0.25462788
0.24871092
0.2501608
0.2554113
0.25345734
0.25585333
0.25173578
0.253086
0.25095978
0.25200424
0.25338838
0.24922688
0.257047
0.25159368
0.24771224
0.2555224
0.24884208
0.24904846
0.24500114
0.260724
0.2522876
0.24995588
0.24680904
0.2546104
0.2587391
0.2499238
0.25521576
0.25244272
0.25527543
0.24706663
0.24692452
0.25190264
0.24962044
0.2502823
0.25230387
0.25115868
0.24767102
0.25654733
0.24744286
0.25297683
0.24795662
0.26325378
0.24876477
0.24863018
0.24408014
0.25184208
0.24783671
0.2508807
0.2464239
0.26103967
0.2506831
0.25514618
0.25574955
0.25037527
0.25048164
0.25531864
0.24834184
0.25027254
0.25355586
0.25555596
0.25666592
0.25029093
0.25298455
0.25254002
0.2506916
0.24390253
0.26485407
0.2493834
0.25369343
0.26403975
0.24991128
0.24941646
0.24627495
0.25947374
0.2473856
0.251793
0.24940637
0.25516143
0.2526731
0.25431693
0.25425857
0.25308132
0.25602856
0.25045404
0.2582202
0.24857497
0.2666122
0.25528246
0.25020644
0.25978673
0.25468034
0.24759796
0.25231338
0.25067875
0.24842487
0.25035307
0.24970934
0.25654685
0.2545332
0.2559811
0.25327158
0.24699914
0.25735584
0.25081608
0.25011533
0.25151646
0.24306062
0.25190204
0.24789728
0.25427634
0.2467325
0.25433314
0.25248474
0.24255417
0.24397719
0.25145692
0.2566226
0.25211862
0.24823219
0.25589627
0.25316542
0.25122553
0.25289768
0.261331
0.24769124
0.24930891
0.25791264
0.25244686
0.25831968
0.24817884
0.24662718
0.25251096
0.2501551
0.25132084
0.25307718
0.24659637
0.24617957
0.24131955
0.24582425
0.24879272
0.2413718
0.25172517
0.2550693
0.2477341
0.24872509
0.2506601
0.24967557
0.24604021
0.24346185
0.24366088
0.24860923
0.24625714
0.24677475
0.24840216
0.24980968
0.2479318
0.24547361
0.24433033
0.24789995
0.24235998
0.24948125
0.25176334
0.2513123
0.24261051
0.24807747
0.24866249
0.2536588
0.25078854
0.25028184
0.24839759
0.25328484
0.24366434
0.24535269
0.24919903
0.24740304
0.25069132
0.24485211
0.24830157
0.25827718
0.2521673
0.25696507
0.25071558
0.24757431
0.24623753
0.2472847
0.24794224
0.24909699
0.24619843
0.24642418
0.2491306
0.2479207
0.25834528
0.24633941
0.26142055
0.2505447
0.24706641
0.24995065
0.24993347
0.24822147
0.24951236
0.2559825
0.25171265
0.24550056
0.24792537
0.25391015
0.25756246
0.26235306
0.25506946
0.25521573
0.2509411
0.2447984
0.25820264
0.24727331
0.24990217
0.2470423
0.2539606
0.24773517
0.2520759
0.24806412
0.24352038
0.25092155
0.24801615
0.25228098
0.24320844
0.24709578
0.24454229
0.25626102
0.254875
0.24684322
0.24674124
0.24610128
0.24337217
0.24513812
0.24284938
0.2465584
0.24417672
0.2557879
0.24645422
0.25461397
0.24341261
0.24280973
0.24346259
0.24448322
0.24401817
0.24579139
0.25273246
0.24560308
0.24805605
0.2517838
0.24908426
0.24963228
0.246869
0.24846439
0.2461536
0.24686359
0.2541494
0.24797088
0.24381174
0.24044757
0.24373794
0.2465034
0.24562235
0.24185282
0.24744435
0.2400033
0.24451771
0.24655603
0.24768046
0.25163797
0.2570474
0.247422
0.2541519
0.24590048
0.24783444
0.2459751
0.24393184
0.24082898
0.24908052
0.24288389
0.24929161
0.24842153
0.25053135
0.24249262
0.24406211
0.24540722
0.24370617
0.24392349
0.24552839
0.23902725
0.24956803
0.26132032
0.250247
0.24511915
0.24803704
0.25189382
0.24538034
0.24590477
0.24282466
0.24656758
0.24747087
0.24969363
0.24352027
0.25418893
0.24656802
0.2464096
0.24885368
0.24461092
0.25052252
0.25007424
0.24807425
0.24529164
0.2439644
0.24518129
0.24675246
0.24278142
0.23830192
0.24421163
0.24029207
0.24891855
0.24309283
0.25134498
0.24480137
0.2435817
0.24285085
0.24933447
0.2429742
0.25430232
0.24617176
0.25146574
0.2547276
0.2445317
0.24410772
0.24130535
0.24800715
0.24663167
0.24514669
0.24912326
0.24913478
0.24381271
0.24559976
0.24353892
0.24168164
0.24805726
0.24522983
0.23975493
0.23940152
0.2572844
0.24153006
0.24510056
0.24429063
0.24255764
0.24157919
0.24525686
0.24487393
0.23847342
0.23847085
0.2424753
0.24299033
0.24293953
0.24045494
0.2384367
0.23578055
0.24408047
0.24224082
0.24047829
0.24862427
0.241917
0.2506332
0.24442358
0.24302599
0.24272141
0.24776538
0.2423954
0.23831372
0.23790017
0.24183926
0.23818208
0.23928408
0.24069145
0.23789191
0.23685156
0.24055667
0.24485429
0.24185243
0.2389067
0.24031854
0.24419329
0.24088454
0.2437061
0.24438785
0.23839283
0.24949603
0.2576982
0.24160373
0.23984018
0.24162288
0.24433036
0.24399109
0.2429901
0.24988508
0.244354
0.24337186
0.24664313
0.24263507
0.24625266
0.2442005
0.24269693
0.2435642
0.23889956
0.24320886
0.24450658
0.24331275
0.24128366
0.24033765
0.24631238
0.24918355
0.2572289
0.24649088
0.24811733
0.2496918
0.24856359
0.24338588
0.24235779
0.25015447
0.24984424
0.24379314
0.2437436
0.24700658
0.2420455
0.24565472
0.24861217
0.24037822
0.24995294
0.25498018
0.2439702
0.24698512
0.2418025
0.24262886
0.23938489
0.24470747
0.24637012
0.24325228
0.23892751
0.2433801
0.24732527
0.23882158
0.24438433
0.2428656
0.24713159
0.2463952
0.25383136
0.24843682
0.24853826
0.24508764
0.24414176
0.24680425
0.2444437
0.24656188
0.24438752
0.24147369
0.23692697
0.2460852
0.23844364
0.2401961
0.23835464
0.24374111
0.24076429
0.24285558
0.24078842
0.24581864
0.24466924
0.24611428
0.24337672
0.24318951
0.24021553
0.24401802
0.24163945
0.23847151
0.24498332
0.24732924
0.25325376
0.24152452
0.25347513
0.24596316
0.24074213
0.24486153
0.24344435
0.24789506
0.24605116
0.23720905
0.24481472
0.24478634
0.2543343
0.2535948
0.24689576
0.24678981
0.23905782
0.24187788
0.24223648
0.24653827
0.24005958
0.24181303
0.24375768
0.2444891
0.24348623
0.24412033
0.24697295
0.24635777
0.2392529
0.24608137
0.24557535
0.2503931
0.24918896
0.24710684
0.23681676
0.2381184
0.24576502
0.2414885
0.23894943
0.23897178
0.24284601
0.23581564
0.24245502
0.23855071
0.23964733
0.24132052
0.24603304
0.23881827
0.24068497
0.24076234
0.24463661
0.24156961
0.24440928
0.24353477
0.24008329
0.24229553
0.23763315
0.24127744
0.23910792
0.24218795
0.24165204
0.24285096
0.23654693
0.2336112
0.23407176
0.23676652
0.23717353
0.23767681
0.24277113
0.24075066
0.24068327
0.23624325
0.2605392
0.23967825
0.24341176
0.24224003
0.2351094
0.2340955
0.24217932
0.24011275
0.24179992
0.24042301
0.23991452
0.24117991
0.24068505
0.24213405
0.24398267
0.24521719
0.24339488
0.23927683
0.23874012
0.24498606
0.23994917
0.23810267
0.24016845
0.24161528
0.24529286
0.24804352
0.24733554
0.24347864
0.23888996
0.24269807
0.24481668
0.25886825
0.24316248
0.2421765
0.24763262
0.24443254
0.23898123
0.24152161
0.2409706
0.23492509
0.24486183
0.24693581
0.23788872
0.24229199
0.24232155
0.24642918
0.2398387
0.2398851
0.24020138
0.24312674
0.23666736
0.24674024
0.24325089
0.24259637
0.24776536
0.24262215
0.2428574
0.24256901
0.23806079
0.24233457
0.24512972
0.24346079
0.24380326
0.24214949
0.24339166
0.25068316
0.2383148
0.24031374
0.24193648
0.24426195
0.24036337
0.24190319
0.24499376
0.23569945
0.24048303
0.2507496
0.24747068
0.23502591
0.24328326
0.24351072
0.2406336
0.23905115
0.236808
0.23558365
0.23622495
0.23956406
0.2430398
0.2416766
0.23761281
0.24209264
0.24835606
0.24191584
0.2431949
0.24494757
0.24490896
0.24936557
0.24736297
0.24268025
0.24109861
0.2362228
0.23860854
0.23829336
0.23903227
0.2381554
0.24413177
0.24479939
0.24733308
0.24508671
0.243422
0.24374643
0.24193414
0.24328652
0.24698734
0.24233565
0.2512316
0.24060029
0.24306163
0.25164807
0.24568382
0.2425844
0.2427195
0.24602742
0.23849405
0.2440173
0.243467
0.24264373
0.23633103
0.23880918
0.24417183
0.24326108
0.2475297
0.24644485
0.24327073
0.23566742
0.24296792
0.24296468
0.24787499
0.24510981
0.24487391
0.24322009
0.24412976
0.24282649
0.24461688
0.24273406
0.24710964
0.24208179
0.24166876
0.2413619
0.23733537
0.24058443
0.23974475
0.24014574
0.24538478
0.24774648
0.24740337
0.24718589
0.24155517
0.253982
0.24078175
0.24107163
0.24610439
0.24380633
0.2458411
0.24359694
0.23801902
0.24137335
0.23643461
0.2445776
0.242588
0.24119805
0.23925436
0.23901819
0.24045959
0.25148594
0.24227948
0.24232459
0.24113338
0.24367073
0.23999232
0.23784323
0.24161685
0.24891809
0.24000184
0.23798342
0.24654005
0.23383449
0.23211297
0.24112861
0.24471837
0.24023014
0.23877014
0.23920208
0.23525469
0.2413763
0.24196629
0.24715826
0.24068907
0.24133132
0.24033843
0.23692356
0.25371644
0.24219349
0.24339445
0.23954861
0.23896493
0.2364921
0.23746012
0.23935275
0.24086967
0.24123934
0.23727363
0.23633042
0.23929864
0.23913132
0.2392378
0.24543169
0.24368547
0.24175304
0.24548146
0.24139285
0.2387146
0.23599093
0.24231002
0.24147005
0.23534632
0.23977011
0.23580194
0.23767504
0.24154739
0.24153821
0.23795238
0.24711849
0.24526621
0.24335581
0.24252246
0.23790815
0.2393481
0.23817325
0.24362119
0.243359
0.24289566
0.2400056
0.23724006
0.24189135
0.24561171
0.2393019
0.2425661
0.24263094
0.24070448
0.23794483
0.23867784
0.24225284
0.23681478
0.23917893
0.23772281
0.23592907
0.23562826
0.23576877
0.23779416
0.23895247
0.2412081
0.24110217
0.23817034
0.24270424
0.24327736
0.23588148
0.23685862
0.23902304
0.24583212
0.24042006
0.24301668
0.23565613
0.23450561
0.24165772
0.23775804
0.2370421
0.24026129
0.2370019
0.24169308
0.24037875
0.24150974
0.24372241
0.24453169
0.2424972
0.2404125
0.24260248
0.24068633
0.24209745
0.24751683
0.24563037
0.23969473
0.23682226
0.24326071
0.24117015
0.24291167
0.2372499
0.23899148
0.23983315
0.24231225
0.24437189
0.2395386
0.23814802
0.24047811
0.23971325
0.23812157
0.24705482
0.24218872
0.24756564
0.23937875
0.2395764
0.23714717
0.24277693
0.2369441
0.23792659
0.23763523
0.23857127
0.24000786
0.24183206
0.24021658
0.24403737
0.24122317
0.2428972
0.23812544
0.23921245
0.23707466
0.23839025
0.24323347
0.24111459
0.23954093
0.23857486
0.23917745
0.24252596
0.23647277
0.24286355
0.23937295
0.24811693
0.24215549
0.23970208
0.2412263
0.24316047
0.24407235
0.24075606
0.2370632
0.23983864
0.24411055
0.24851336
0.24230656
0.23832504
0.23867841
0.24234761
0.2413973
0.2401861
0.23991248
0.23840089
0.24104738
0.24227412
0.23980066
0.24198867
0.24148509
0.23909101
0.2363978
0.23892596
0.23903848
0.23911978
0.2420945
0.24082363
0.23834214
0.24276707
0.24304275
0.23813659
0.23812091
0.23749498
0.24120879
0.24454804
0.24597394
0.23929854
0.24055326
0.23817907
0.2402961
0.24017821
0.23951328
0.23907824
0.2370663
0.2389984
0.23871955
0.24174635
0.24993286
0.24294385
0.24290688
0.24439302
0.24309577
0.23694734
0.23857413
0.24073876
0.2441948
0.24048916
0.2380315
0.24886097
0.24239527
0.23976746
0.24152867
0.23895352
0.24336721
0.24219148
0.24315102
0.24208441
0.24009427
0.23548687
0.23939764
0.24324505
0.23704799
0.24242802
0.23525771
0.24037983
0.23507886
0.2405389
0.24091488
0.24293612
0.23683403
0.23894262
0.23794955
0.23810591
0.2417411
0.23809095
0.24408896
0.23508428
0.24207532
0.24061589
0.2423451
0.23979846
0.24076718
0.23714267
0.24289373
0.23968422
0.23953758
0.24013186
0.24184056
0.2453274
0.23980099
0.2443828
0.2457583
0.24570411
0.24653658
0.24793383
0.23682913
0.23822142
0.24145822
0.23906189
0.2400162
0.24141712
0.24310093
0.2430979
0.24328093
0.23767109
0.23778613
0.23919879
0.24055165
0.23764087
0.23951592
0.23834549
0.24115703
0.2384725
0.24344122
0.24374178
0.24598207
0.24297118
0.23972733
0.24003775
0.24251454
0.23186767
0.2408834
0.23552157
0.2376952
0.24262637
0.23723495
0.24169822
0.24113165
0.24737242
0.24128905
0.24280655
0.24065094
0.2423712
0.24171022
0.23809497
0.24399546
0.24319378
0.24531625
0.24417767
0.24107458
0.24478546
0.2502875
0.24438307
0.24984232
0.24629661
0.24344246
0.24832918
0.25146353
0.240325
0.23926616
0.24943015
0.24270828
0.23814921
0.24196103
0.24147323
0.24209037
0.24099778
0.24449617
0.24158698
0.23657262
0.24529439
0.24120523
0.24531394
0.24731736
0.25029954
0.24482107
0.24547926
0.24248853
0.24967419
0.24457836
0.24253567
0.24231003
0.24666569
0.24578825
0.24273698
0.24288848
0.2428777
0.24229051
0.24355398
0.2475305
0.24169378
0.23924294
0.2450239
0.24418704
0.24184959
0.24140747
0.24797201
0.241019
0.24023367
0.23982751
0.24220553
0.24227324
0.238607
0.23983745
0.24061097
0.23946552
0.24725027
0.24026585
0.24017498
0.2307665
0.23508267
0.23751357
0.23734225
0.23618627
0.23814185
0.23973846
0.23655955
0.24070893
0.23490359
0.23744652
0.2377547
0.23538473
0.23507246
0.2372901
0.23818952
0.24229155
0.240633
0.24114238
0.2394033
0.24645866
0.24163851
0.23896138
0.23658672
0.24376343
0.24030492
0.24663003
0.24392793
0.24425623
0.24224478
0.2409967
0.24085233
0.24387173
0.24057034
0.24483266
0.24643786
0.23818772
0.24198867
0.24982786
0.24123326
0.23663256
0.24286616
0.24933302
0.24341208
0.25154042
0.24804565
0.24972081
0.23582308
0.23962623
0.24023628
0.24430463
0.24048753
0.23809977
0.24270995
0.24193467
0.237408
0.23824845
0.24146946
0.24108602
0.23881188
0.24654625
0.23954542
0.24535835
0.24461581
0.23930354
0.241376
0.23948866
0.23895921
0.24347244
0.23930503
0.2388147
0.2444027
0.2409165
0.24456953
0.24325375
0.24121724
0.23965488
0.24055375
0.2399289
0.23993967
0.2446364
0.24027292
0.24128698
0.23980367
0.2375456
0.24173667
0.24396537
0.24139178
0.23817112
0.24112073
0.245523
0.24173367
0.24272434
0.24102472
0.23782325
0.23810093
0.23701993
0.23727122
0.23564939
0.24294177
0.23828669
0.23620401
0.23668402
0.2370399
0.23727861
0.23956512
0.24059682
0.23732743
0.24447943
0.2366791
0.24173066
0.24057312
0.24191053
0.2455555
0.24014491
0.23971306
0.24198651
0.2388369
0.24135762
0.23947294
0.2410154
0.24459794
0.24482825
0.23990385
0.2373913
0.23889202
0.23958158
0.24310932
0.24550983
0.24127568
0.23864801
0.23843074
0.23596868
0.2380949
0.23732218
0.23554832
0.23114324
0.24532607
0.24079336
0.23971279
0.2390967
0.2479347
0.24117471
0.24727935
0.24265638
0.24053366
0.23841627
0.24154706
0.24093688
0.24189694
0.23973319
0.2478529
0.23921376
0.24201371
0.23602712
0.23927853
0.24379079
0.23916368
0.23696907
0.23444174
0.24205154
0.23779398
0.23888344
0.23788582
0.23573498
0.2372746
0.23762144
0.23619708
0.23717578
0.23773906
0.23806186
0.23368725
0.23555301
0.2334664
0.23683168
0.23880349
0.23947021
0.23836754
0.24382718
0.24219733
0.23826942
0.23814425
0.24409683
0.24234213
0.24100755
0.24651591
0.2392493
0.23906508
0.24226813
0.2363953
0.2408077
0.239222
0.24048227
0.23814213
0.2381906
0.24359697
0.24120809
0.2376459
0.24472249
0.23619305
0.2378487
