0.71110594
0.6438546
0.6375711
0.59944284
0.587989
0.5772111
0.6029158
0.58298784
0.5907955
0.57667536
0.54461575
0.54982644
0.53125423
0.5290243
0.5415992
0.67329043
0.6078978
0.5922038
0.587034
0.5370948
0.59685373
0.5357855
0.509981
0.511734
0.5371585
0.5098404
0.4887256
0.51091284
0.5124282
0.48748425
0.5101132
0.598807
0.54473376
0.49712995
0.47613463
0.47837228
0.46765944
0.47271222
0.46420655
0.48695886
0.46034864
0.49926177
0.4911249
0.48153025
0.48490041
0.5138809
0.46278965
0.47038686
0.4706883
0.48396495
0.4682918
0.45501512
0.47217292
0.46613988
0.47012168
0.48587555
0.45187983
0.43383858
0.46956775
0.44036692
0.551352
0.44682807
0.4556457
0.44005662
0.44950798
0.45526835
0.514239
0.43997583
0.47302106
0.44827077
0.43816411
0.43653217
0.49254495
0.43878073
0.44295675
0.47584352
0.43371868
0.44449857
0.4944165
0.43638727
0.42936456
0.4281701
0.46843985
0.48708412
0.43929747
0.41817117
0.44089255
0.45792547
0.42193913
0.43339065
0.45878166
0.4567197
0.4476541
0.43072388
0.421725
0.4182933
0.44144687
0.44003
0.45441556
0.45708954
0.44461462
0.4569903
0.4205814
0.4282956
0.4279236
0.42676926
0.4389737
0.4260284
0.42145473
0.44921863
0.4168721
0.42036566
0.42367998
0.41571507
0.41502336
0.44478378
0.4314789
0.41404015
0.41406438
0.41868597
0.44561622
0.4470647
0.40342388
0.40121135
0.4371233
0.41623676
0.41783503
0.43316585
0.41704854
0.43877563
0.4174652
0.4322854
0.41512406
0.42752677
0.425722
0.40986004
0.43235773
0.41705245
0.40629184
0.40209657
0.40804794
0.40831807
0.41410765
0.39420745
0.43473545
0.4185946
0.40550172
0.3957703
0.40549415
0.39266488
0.41361773
0.3911351
0.40052414
0.42091048
0.3977913
0.39265883
0.41225773
0.40070164
0.41323912
0.42398822
0.43429595
0.40694833
0.41108993
0.41410178
0.4148252
0.40408882
0.38913208
0.39839357
0.40236256
0.391896
0.4126463
0.39053664
0.38429502
0.39996278
0.38292536
0.38416538
0.41968077
0.38277772
0.39128193
0.38387504
0.4005907
0.40608364
0.38301745
0.39703393
0.37984645
0.38280725
0.41204408
0.39511302
0.3840134
0.38160214
0.39073458
0.3748636
0.39199007
0.38466662
0.37582648
0.3664911
0.43702015
0.38678813
0.38697922
0.40114498
0.40822345
0.40685084
0.38142467
0.3925536
0.3949903
0.39725962
0.38041353
0.3719666
0.3858764
0.37575382
0.37701687
0.36756855
0.38294291
0.3755468
0.3673179
0.3799373
0.3929107
0.37761328
0.39421815
0.39459395
0.38047373
0.36829683
0.37415168
0.37947634
0.3901136
0.37783295
0.36243007
0.36144882
0.3602729
0.3715451
0.38184467
0.3869497
0.38091746
0.3721449
0.37023738
0.37399378
0.36672738
0.36035296
0.37097663
0.3784266
0.36168346
0.35341364
0.3505326
0.3629887
0.37288415
0.3608696
0.36096328
0.3759912
0.3658508
0.3627167
0.35576445
0.35344616
0.36260903
0.3639997
0.35996285
0.35672855
0.36747292
0.35409683
0.3605458
0.3560339
0.37040743
0.37754336
0.35923213
0.36109072
0.37420133
0.35556746
0.35137948
0.3739774
0.37343895
0.38558674
0.3607732
0.37395468
0.35799804
0.35811892
0.3554868
0.35180634
0.36715105
0.3614762
0.36649784
0.3728732
0.3551222
0.34423614
0.3445845
0.3647477
0.35885715
0.34450105
0.3596224
0.34712142
0.35953057
0.3478606
0.37599242
0.362519
0.36948565
0.35100403
0.34526277
0.3527834
0.34489438
0.33957446
0.3485483
0.3565391
0.3753128
0.35648677
0.34484205
0.35516962
0.3559038
0.3382619
0.3543707
0.37246814
0.34641162
0.33799917
0.33653077
0.35102725
0.3585603
0.34342375
0.33634356
0.34361792
0.34125215
0.33365846
0.34790957
0.33671185
0.3423496
0.34745765
0.3645483
0.34103158
0.33814964
0.37211165
0.33025375
0.33922344
0.34509957
0.33938774
0.34924614
0.33448625
0.3453425
0.33371344
0.34012315
0.34727588
0.33569276
0.3525137
0.34049737
0.34608692
0.34183562
0.33686975
0.34270942
0.34683934
0.3479192
0.3412095
0.3401256
0.34022117
0.3434437
0.33835214
0.3386361
0.34134695
0.3418256
0.3457239
0.33055374
0.32985267
0.34150267
0.33277115
0.32615006
0.34221193
0.35023332
0.3248113
0.33012864
0.3355458
0.33469856
0.34153047
0.33486384
0.32922795
0.33032358
0.3306887
0.32917714
0.3381717
0.3384005
0.3536221
0.33251262
0.3309015
0.33092117
0.3431806
0.32792193
0.33050257
0.331107
0.3198305
0.32923132
0.33316416
0.32133493
0.33390942
0.3308191
0.32390642
0.32651392
0.34219146
0.35050014
0.32451448
0.32167852
0.33855364
0.33092245
0.33480117
0.3208376
0.3399233
0.344533
0.32734284
0.33931938
0.32761964
0.34412876
0.3339301
0.32844993
0.32458258
0.3219161
0.33841372
0.325514
0.3236545
0.3191375
0.32232004
0.34026062
0.351215
0.3359586
0.34775144
0.3310706
0.33811632
0.33174852
0.33779043
0.32991147
0.32790014
0.3336626
0.33885232
0.33729333
0.34150118
0.3424271
0.33405906
0.3275682
0.3213162
0.36393973
0.32500508
0.31843287
0.3239141
0.34272584
0.32136118
0.34852612
0.32565713
0.3470251
0.3337458
0.33815786
0.34391713
0.3355397
0.31620675
0.3159924
0.33662677
0.3282875
0.33112255
0.32286096
0.3341941
0.3289262
0.3324888
0.3249958
0.32509857
0.32164493
0.31823388
0.3165766
0.3224304
0.33505008
0.33653486
0.3196495
0.33156878
0.3288025
0.31997034
0.3228984
0.32053807
0.32308522
0.31359166
0.32466912
0.32705504
0.33366162
0.32262355
0.31671602
0.31982177
0.33808827
0.3145316
0.32779238
0.34531495
0.31545365
0.3203598
0.3212691
0.32337824
0.32840866
0.33048794
0.32599366
0.31682
0.31809247
0.30841845
0.32039678
0.3365414
0.32051402
0.34253043
0.31933698
0.33326203
0.32290062
0.31748694
0.32938036
0.36449623
0.32536906
0.3372617
0.3261177
0.35727626
0.3300236
0.33512557
0.3199228
0.3273627
0.31270024
0.3330527
0.32854033
0.31869373
0.32057723
0.32733926
0.3250812
0.3190814
0.31421605
0.31866097
0.31788924
0.3244923
0.32552674
0.32832116
0.313666
0.33695915
0.32310718
0.3424085
0.3279865
0.34941658
0.32250148
0.324244
0.3191785
0.32742304
0.32462385
0.32942528
0.34126136
0.3480503
0.3142816
0.3214161
0.31444526
0.31518957
0.33511573
0.3212921
0.32020876
0.33021855
0.31793946
0.32415923
0.31523135
0.3239127
0.3257397
0.31887132
0.31261438
0.32102013
0.32561296
0.33320487
0.31857726
0.32822433
0.33196318
0.3328854
0.31848705
0.31940925
0.3421655
0.31463954
0.3270513
0.3175129
0.32191944
0.3326343
0.32121816
0.3108612
0.30929726
0.3204004
0.3242029
0.319416
0.31371054
0.32789314
0.31994364
0.3146236
0.33966264
0.3068299
0.3269044
0.31813562
0.31661907
0.31755295
0.33106765
0.31180647
0.31563112
0.33512688
0.32526922
0.32842314
0.34312373
0.340006
0.32220075
0.31962892
0.31731614
0.32950705
0.3236883
0.31626892
0.3076163
0.32038242
0.31634066
0.31634164
0.3250607
0.32039803
0.34023046
0.32444853
0.3197209
0.32510626
0.3161204
0.32348493
0.313636
0.32444698
0.31976023
0.32072905
0.31559736
0.30906975
0.3125268
0.34121844
0.3261833
0.32874206
0.31930873
0.3236253
0.32497206
0.32385126
0.3111536
0.31974617
0.30895025
0.3269233
0.31704003
0.33579564
0.3248999
0.32369542
0.31876338
0.33327284
0.3281941
0.33010542
0.33080494
0.31622976
0.31905156
0.31902674
0.316467
0.3293605
0.3150468
0.30997923
0.3172467
0.3171412
0.3235454
0.3174519
0.32111788
0.3139978
0.323063
0.3138981
0.31907555
0.33070982
0.32049468
0.30714592
0.3159327
0.3398746
0.3374095
0.3137846
0.3257363
0.33267778
0.32394892
0.33326977
0.32419595
0.32095695
0.31375673
0.30983073
0.31514743
0.31635714
0.3284339
0.32707438
0.3168905
0.32424992
0.33388385
0.3152375
0.3305464
0.32002625
0.32881123
0.32729957
0.31355867
0.31357762
0.32968113
0.32004634
0.3088659
0.31165856
0.33453307
0.32919192
0.32445833
0.3149134
0.31296661
0.3321452
0.3083727
0.32727894
0.31922525
0.3240718
0.3212051
0.32265162
0.32924667
0.329642
0.31430057
0.3303043
0.33339956
0.33275327
0.31957677
0.32226568
0.3054274
0.33104777
0.31499422
0.30935845
0.308683
0.3159415
0.31645608
0.30934447
0.32912046
0.303563
0.31022236
0.31249216
0.32320052
0.31918404
0.3328903
0.3170111
0.32355747
0.31821486
0.3183857
0.326082
0.30296436
0.3184531
0.32074255
0.32362324
0.3074341
0.31912228
0.30930662
0.31214562
0.31820795
0.31109384
0.31795073
0.30995196
0.3197146
0.31908363
0.3182895
0.32755172
0.31082207
0.3235915
0.33180696
0.31459972
0.3196795
0.32574394
0.3366962
0.31546336
0.33914188
0.30803323
0.31368768
0.3163816
0.3140561
0.3208397
0.30799428
0.3179394
0.316179
0.31501192
0.30889902
0.31288445
0.31397745
0.32000053
0.32362798
0.31775814
0.30689156
0.31984156
0.3220733
0.3125459
0.31558812
0.31945002
0.32258216
0.31103846
0.30460227
0.31419495
0.33138746
0.30993688
0.31704053
0.31565592
0.3110898
0.31415707
0.31682318
0.31638578
0.30555287
0.32728124
0.32309976
0.31035557
0.30756044
0.31535107
0.31625763
0.31776726
0.3185986
0.3155433
0.30827716
0.31506085
0.31789756
0.31042844
0.30858046
0.32744536
0.30821705
0.3113133
0.32309335
0.31211808
0.3256444
0.30738556
0.31786004
0.31199452
0.31469542
0.31816554
0.31806976
0.3175453
0.3076201
0.30540225
0.34825775
0.32252875
0.3093694
0.31395268
0.3218452
0.3200023
0.3121373
0.31651542
0.3090821
0.32645854
0.32550308
0.31250718
0.323652
0.32141262
0.3169467
0.31715536
0.3121267
0.31318998
0.31944722
0.322809
0.30578697
0.33382922
0.31670874
0.3184865
0.3122758
0.32447708
0.3177247
0.31123543
0.31159434
0.3188871
0.31090447
0.30562133
0.32490957
0.3172121
0.32096303
0.3230647
0.3168955
0.30738696
0.31034192
0.31809282
0.316345
0.31414098
0.31873706
0.31375894
0.3061478
0.30585825
0.31620944
0.3109768
0.31024516
0.31455657
0.32161373
0.32322592
0.3067069
0.33190337
0.3160324
0.31120816
0.31295767
0.31667098
0.30353916
0.31394538
0.31219086
0.32264784
0.30506477
0.326603
0.32755947
0.3301711
0.31697643
0.31205422
0.31324157
0.3186631
0.32078162
0.3273733
0.3205988
0.3184211
0.32516634
0.32778603
0.31986865
0.32670447
0.3088517
0.32487923
0.30857193
0.31531253
0.3141052
0.30697754
0.30785054
0.3187721
0.3155664
0.32157287
0.31923026
0.31465754
0.31585777
0.3168513
0.30834717
0.31025317
0.31186357
0.3173543
0.30461445
0.30763966
0.31992665
0.30665916
0.3296846
0.3151631
0.3123547
0.31185684
0.30786034
0.30154136
0.30763614
0.3176087
0.3120786
0.30642816
0.31699154
0.30582285
0.31918207
0.30040994
0.3279374
0.3143064
0.3182953
0.31516692
0.3181227
0.31475413
0.31321844
0.30745575
0.325733
0.30167964
0.3228041
0.31094143
0.31420568
0.31693798
0.32017705
0.30537418
0.3065471
0.30320165
0.31931785
0.31213495
0.31342942
0.31854737
0.31428015
0.32688105
0.30986986
0.2992975
0.30923638
0.31295913
0.31775025
0.30031434
0.31674638
0.3123151
0.30513012
0.32545304
0.32326755
0.30884087
0.31594804
0.32116318
0.30455703
0.32107365
0.31843358
0.32777438
0.3182706
0.3197858
0.32171312
0.30571425
0.3115196
0.3123052
0.3182415
0.3145705
0.32326183
0.30961514
0.31541383
0.31319976
0.3136555
0.3262057
0.32043102
0.3183076
0.32343784
0.31022468
0.31348628
0.33484367
0.3055582
0.3271342
0.32258272
0.3135375
0.3115224
0.31362057
0.30894494
0.31950638
0.31623498
0.32339293
0.31858483
0.31656444
0.31174812
0.31243026
0.31710386
0.31729144
0.319155
0.312685
0.33263454
0.32162118
0.31523594
0.31289983
0.31862536
0.32251817
0.3138246
0.31700158
0.30758584
0.3095123
0.31590897
0.33237776
0.32148963
0.31716758
0.30831674
0.3141912
0.30414048
0.31216842
0.31700528
0.3216977
0.3104547
0.31634083
0.313243
0.31908903
0.31849536
0.3223708
0.30970386
0.31326047
0.3085145
0.31498003
0.30625242
0.3111665
0.306887
0.3210484
0.31098178
0.3114379
0.31058145
0.32388973
0.31297156
0.30857328
0.33663782
0.30924177
0.31216908
0.30713356
0.30693495
0.30156738
0.31347385
0.31095514
0.32751188
0.31108
0.31905422
0.314407
0.31663156
0.30570236
0.32419568
0.30929613
0.31142744
0.31533128
0.31363285
0.32064965
0.31206435
0.30968332
0.3041333
0.31295457
0.32216415
0.3222283
0.3169073
0.30653557
0.30715433
0.32965767
0.32447287
0.33446503
0.31089634
0.30632186
0.3187095
0.32503048
0.31689835
0.31778875
0.33229095
0.31617704
0.31191653
0.30443856
0.3274622
0.31146705
0.31094757
0.3232262
0.31615743
0.3087944
0.3068043
0.30891234
0.31733263
0.31577343
0.31465638
0.3132054
0.31586885
0.3216644
0.32023427
0.32155883
0.31161225
0.31504372
0.30941504
0.3086092
0.30824047
0.33845046
0.312314
0.31774506
0.31221607
0.3198673
0.3286791
0.30560395
0.30433473
0.3281407
0.31047714
0.32338944
0.3196157
0.32080775
0.31927532
0.3208188
0.31221765
0.32310897
0.30278486
0.31054607
0.31708816
0.32073182
0.32113776
0.31789967
0.31030357
0.33632645
0.3318802
0.3082503
0.30574715
0.32267287
0.32424513
0.31368947
0.32697418
0.31611693
0.31427553
0.32555804
0.3294424
0.3177168
0.31264612
0.32470194
0.31418508
0.32357308
0.32224718
0.3207038
0.31690553
0.3221413
0.32003188
0.31993464
0.31139573
0.30474746
0.32167614
0.30362338
0.30987695
0.31784606
0.31480813
0.3112115
0.32619232
0.31473944
0.32403457
0.30854335
0.3062983
0.3237997
0.31501934
0.3142406
0.3274191
0.31365615
0.3223705
0.31236795
0.3099904
0.3095573
0.3178297
0.32250902
0.31647238
0.31553683
0.31520966
0.31662554
0.3199588
0.31310084
0.3260914
0.30706662
0.32948574
0.30818808
0.30841672
0.31507915
0.32030883
0.31197447
0.30720875
0.3110286
0.31961334
0.3127628
0.3085973
0.32293355
0.3127841
0.32044965
0.31154147
0.32546812
0.31578413
0.31198892
0.30251986
0.33546096
0.31072918
0.3056299
0.31173182
0.31249872
0.31729004
0.31956935
0.31862175
0.31539032
0.30597174
0.31470394
0.3134366
0.3322224
0.30100545
0.31086335
0.3121206
0.3175035
0.31282488
0.30416524
0.31453842
0.30693367
0.31689826
0.34323242
0.31152907
0.3112201
0.3250485
0.3137225
0.31664488
0.31688637
0.30310914
0.31833717
0.3155445
0.31124267
0.32379553
0.33233806
0.3318299
0.3046613
0.32034656
0.31027135
0.30489612
0.3138973
0.31832367
0.31922364
0.31479293
0.3082797
0.30965886
0.30960712
0.3173773
0.31375557
0.2999404
0.30288994
0.31059593
0.32312012
0.32083318
0.31367096
0.31268856
0.30045298
0.3103643
0.31540647
0.3079946
0.31369945
0.32789627
0.31316712
0.3105025
0.31241512
0.31014684
0.31090516
0.3086688
0.31646603
0.30391014
0.31180522
0.30501226
0.29776818
0.29954678
0.30545142
0.3032956
0.3133462
0.29868263
0.31509238
0.3195069
0.30742815
0.32848364
0.31797925
0.31107208
0.30362964
0.3215428
0.30024037
0.30983713
0.31416687
0.3143493
0.30076268
0.31280735
0.3199809
0.3149428
0.31397092
0.3167447
0.3047372
0.31170994
0.29907146
0.31794623
0.30415738
0.31005356
0.30426368
0.3069614
0.32304615
0.3137589
0.3117904
0.31281647
0.30863404
0.31306592
0.31768262
0.30177534
0.2970214
0.30839294
0.3077097
0.33311585
0.30390579
0.31018424
0.29726607
0.30462787
0.31416366
0.30109784
0.31003806
0.3039031
0.30103096
0.30434936
0.3153028
0.2987194
0.3148892
0.31731302
0.3128175
0.30962625
0.3136557
0.3140095
0.32552546
0.32114717
0.30874145
0.31367782
0.32207963
0.30803233
0.32186264
0.31112435
0.31971723
0.31469196
0.31131917
0.30600291
0.3258865
0.3083725
0.30100438
0.313111
0.31529015
0.31231308
0.31168622
0.30033207
0.3117121
0.31621522
0.30386528
0.30832967
0.31336698
0.31233054
0.3152677
0.31291762
0.32062185
0.3098784
0.31489593
0.32824472
0.31551623
0.31308466
0.31008124
0.3184366
0.32890013
0.31086883
0.3223899
0.3088265
0.3087034
0.29144177
0.31062108
0.31364095
0.31667244
0.3130685
0.31301945
0.3082214
0.3212159
0.31063443
0.3110607
0.31784838
0.30929422
0.32619882
0.3206375
0.3192955
0.32149354
0.32790473
0.29928932
0.31511664
0.30432743
0.30787823
0.31898117
0.3159316
0.33252126
0.31351557
0.32174933
0.33285037
0.32307166
0.3182793
0.32135236
0.32158884
0.31127432
0.31698576
0.3111842
0.31203035
0.29535788
0.31128013
0.3058001
0.31627113
0.31472808
0.30925974
0.30709353
0.30807838
0.30652878
0.30770174
0.3043419
0.31364074
0.31040594
0.3089574
0.30445817
0.3176866
0.31150553
0.32263052
0.3087334
0.31979543
0.31022874
0.3098511
0.3178709
0.32095098
0.31243002
0.31246212
0.30691773
0.32143793
0.31823924
0.3140822
0.30806437
0.3134204
0.313059
0.31976932
0.31816882
0.32218024
0.309171
0.31197205
0.31368834
0.3119861
0.33558282
0.31835997
0.3205419
0.34146374
0.32649058
0.31101045
0.32199872
0.31800023
0.32282114
0.32482782
0.3168722
0.31698358
0.31870916
0.30596972
0.31469303
0.3202981
0.30511278
0.3211875
0.30965984
0.3188881
0.30929026
0.31231925
0.3216653
0.31802654
0.31009808
0.30944774
0.31663877
0.30499542
0.31370702
0.31574252
0.32346857
0.31380737
0.32860595
0.33955115
0.3272442
0.3126137
0.32105443
0.31303453
0.30995032
0.31717503
0.30870247
0.31949425
0.32040465
0.3187467
0.32192263
0.3121504
0.3120394
0.31529212
0.31868073
0.32487652
0.31231627
0.30809623
0.31318113
0.31207454
0.31281993
0.3070829
0.31545267
0.31310958
0.30068547
0.3166213
0.3085694
0.32294473
0.30863613
0.31857407
0.30190486
0.3217559
0.31789863
0.314965
0.31056985
0.3102261
0.312895
0.31613204
0.31328347
0.3059811
0.312096
0.3091883
0.29938808
0.32485834
0.3213087
0.30864796
0.31064105
0.31482476
0.31852543
0.31354728
0.3213956
0.32172376
0.3093129
0.31470644
0.32011825
0.31098327
0.3074567
0.31437367
0.31888214
0.30672312
0.3254714
0.32437658
0.32217082
0.32158253
0.32309183
0.34248084
0.3112392
0.3251668
0.3239797
0.32228535
0.32088605
0.320422
0.31675312
0.3149553
0.3210075
0.30703148
0.3166037
0.31930527
0.3204324
0.31563994
0.31838602
0.3165887
0.30428654
0.31225425
0.32016942
0.31139722
0.31029555
0.31327304
0.30856007
0.31350553
0.3181365
0.32156348
0.31724644
0.3238475
0.32531503
0.3302823
0.30572745
0.3242534
0.3152452
0.30892542
0.3124124
0.2998594
0.31427884
0.32158276
0.30963728
0.3246684
0.31662208
0.32925782
0.32132176
0.31353492
0.32157788
0.3103859
0.32937294
0.32372284
0.31966755
0.3184184
0.3259681
0.32366598
0.31897095
0.33134216
0.32208204
0.3220358
0.3070729
0.31486169
0.3228093
0.31570107
0.33163902
0.32258832
0.3305423
0.32701227
0.317449
0.3293825
0.3163949
0.32223043
0.32040048
0.3160134
0.33299085
0.3218714
0.31759292
0.309566
0.318402
0.31134605
0.3151445
0.30323476
0.30596054
0.31230506
0.3169794
0.31944403
0.31014535
0.32395402
0.3071457
0.32642823
0.32243633
0.32582018
0.31130406
0.30957827
0.30631322
0.3193613
0.32109383
0.30567646
0.31948128
0.30745593
0.3142015
0.32692415
0.31652495
0.3171273
0.30463913
0.31023377
0.31003627
0.31424522
0.31004265
0.322361
0.31890076
0.29717636
0.30786365
0.3104901
0.3247374
0.3084341
0.3139549
0.31610677
0.32876137
0.31922626
0.31309858
0.30812562
0.32116583
0.31129113
0.3121684
0.31630647
0.3011279
0.32228196
0.3158573
0.31653744
0.3180463
0.31585756
0.30679145
0.31743184
0.312797
0.31487095
0.31503564
0.3141005
0.3066925
0.30817857
0.3143494
0.31365144
0.31068286
0.3023318
0.31016096
0.3215962
0.3069857
0.31627628
0.31284285
0.321404
0.30896568
0.31900996
0.3204664
0.31368235
0.31814706
0.31546047
0.31645238
0.30388975
0.3168662
0.3138919
0.30330455
0.3075728
0.324172
0.31111047
0.3117733
0.34289923
0.31253058
0.3099497
0.321996
0.30200854
0.3143883
0.30181262
0.30498627
0.30857998
0.31516266
0.31081703
0.2968761
0.3041722
0.31854978
0.32010823
0.31826642
0.3167517
0.3169719
0.3181802
0.32479894
0.31773195
0.31145442
0.3101293
0.31297362
0.30966458
0.30878368
0.32029483
0.30836904
0.31614226
0.30660653
0.3155028
0.32113448
0.31536603
0.2985539
0.32676935
0.31245568
0.30338484
0.3146695
0.32038036
0.31079853
0.3151188
0.30768517
0.30983418
0.31193793
0.3225449
0.32121667
0.30801225
0.3035258
0.3134023
0.30955583
0.31550345
0.31214717
0.32311603
0.31461105
0.31328708
0.30702245
0.30917183
0.32025117
0.30462232
0.31132814
0.32027695
0.31780356
0.3127474
0.3166657
0.31344083
0.3217972
0.31353548
0.31509945
0.31222594
0.3216428
0.3077916
0.31140143
0.32569557
0.31324053
0.32257265
0.31216952
0.31321996
0.3158772
0.30438954
0.31103018
0.3105591
0.31599152
0.31367517
0.31859902
0.31464842
0.30558798
0.3089745
0.31618938
0.3155573
0.31312168
0.3125598
0.31118456
0.32099536
0.31540698
0.30649897
0.321746
0.31659317
0.3131855
0.30843505
0.31388485
0.31470206
0.31469232
0.31888512
0.32314536
0.3175314
0.31702903
0.32594746
0.3246216
0.31131184
0.3131792
0.30317172
0.31131595
0.31688243
0.30525973
0.3015499
0.3213561
0.3103774
0.3133089
0.3105476
0.3199893
0.31858966
0.30605823
0.31047773
0.31283194
0.317385
0.3098622
0.31011483
0.3152153
0.32537696
0.31218967
0.31976146
0.3194404
0.30944183
0.3209948
0.31386858
0.31870282
0.33059838
0.32032946
0.32047066
0.31204873
0.3119569
0.31165275
0.33164555
0.31435868
0.31355193
0.31420285
0.3137963
0.31317896
0.30388364
0.3247621
0.32875392
0.31053993
0.30947682
0.3302554
0.31672156
0.32094678
0.32096845
0.31310898
0.30742192
0.33210325
0.32681438
0.32567376
0.3119022
0.30845812
0.31271344
0.31813338
0.32045966
0.3133656
0.3083033
0.3225655
0.3040042
0.30104426
0.3241095
0.31380725
0.31440642
0.30956152
0.3177494
0.31387758
0.32050806
0.3177494
0.3085292
0.3116248
0.31091878
0.3108215
0.3219967
0.31460574
0.31533554
0.3242473
0.30482942
0.32567227
0.3189184
0.31374225
0.31103748
0.3152638
0.32446676
0.309659
0.31990024
0.3420914
0.3379849
0.31774697
0.3224423
0.32768294
0.31984428
0.31859368
0.30781397
0.3191217
0.32291543
0.30370414
0.31699577
0.31903622
0.31331256
0.31527704
0.32149234
0.3190612
0.3188109
0.32614636
0.32030597
0.318179
0.3164498
0.31620747
0.32060054
0.31581566
0.3120236
0.32260767
0.30887404
0.32403097
0.32212803
0.32358727
0.33043456
0.3096695
0.3180684
0.30947006
0.30383345
0.30596077
0.31433117
0.3093303
0.32063892
0.31440642
0.3141718
0.30622312
0.30235237
0.30769897
0.30655116
0.30937713
0.31672135
0.31362227
0.31024212
0.3103299
0.300661
0.30627358
0.31071246
0.30914387
0.3154249
0.31520092
0.3003094
0.3246884
0.2986635
0.30294585
0.31675816
0.31855074
0.3111991
0.3138853
0.3238225
0.30867505
0.3115833
0.3180287
0.32411376
0.3061104
0.31551462
0.31080317
0.31849924
0.31343263
0.31928122
0.31411642
0.3105688
0.31412947
0.30324945
0.30567572
0.30385244
0.3025528
0.32337704
0.31074986
0.31333673
0.30670854
