0.75727934
0.7402579
0.70723075
0.6246633
0.6000604
0.6631087
0.6414886
0.56032294
0.57610136
0.5676729
0.5965693
0.58209246
0.55804557
0.5766409
0.5304126
0.62138987
0.5273831
0.5099384
0.5078919
0.5959108
0.5012433
0.50663155
0.51805025
0.52785426
0.51070833
0.49875033
0.4782136
0.48671985
0.4985174
0.48202968
0.4731732
0.48104048
0.51549214
0.49475357
0.4904105
0.498553
0.48134646
0.48840603
0.47352186
0.50764185
0.53041756
0.45707804
0.477699
0.47117776
0.47647405
0.48499253
0.49585235
0.48402473
0.47656217
0.46228093
0.46173492
0.47401163
0.46261775
0.4701462
0.46378976
0.47248024
0.4822503
0.5067166
0.44749075
0.5041718
0.4640211
0.45612696
0.46488625
0.4516942
0.44865394
0.45745972
0.44058067
0.48786384
0.4936865
0.45399696
0.454184
0.52762604
0.46234527
0.5045809
0.46022514
0.44684726
0.451814
0.4515669
0.45916507
0.450784
0.43967208
0.44568148
0.43539977
0.45319083
0.43128043
0.4468812
0.42911202
0.43716973
0.43590814
0.433596
0.42310888
0.43207029
0.43147662
0.44337973
0.42557734
0.44421142
0.41946012
0.4312485
0.4315263
0.43461624
0.44547507
0.44244394
0.4473106
0.44446772
0.43599752
0.4101357
0.41936037
0.42265406
0.43036792
0.44812083
0.424094
0.41662872
0.41547906
0.46258163
0.44728675
0.40914437
0.4267042
0.41552597
0.42296642
0.42553136
0.42681402
0.4224781
0.4172232
0.41349125
0.41906762
0.42838937
0.4471434
0.4260883
0.4153882
0.4175343
0.41280985
0.44716263
0.4201479
0.43120247
0.45086882
0.41224495
0.44270554
0.41106915
0.41672483
0.43628642
0.42449284
0.41745523
0.4285708
0.407247
0.41678685
0.41638196
0.42620116
0.41050997
0.40550593
0.40943936
0.419835
0.4095691
0.411214
0.40507057
0.4185529
0.40771043
0.4319499
0.41885468
0.40730283
0.40577057
0.41416696
0.41572148
0.39930144
0.40135494
0.4171216
0.4031196
0.4275365
0.4149142
0.4039227
0.42326885
0.40569648
0.40568525
0.42128903
0.4036926
0.4068228
0.39576334
0.41696647
0.42680073
0.4116698
0.42099997
0.43748483
0.41997015
0.4008672
0.4155989
0.3938328
0.39909533
0.40471575
0.40503713
0.41534764
0.40230662
0.40481246
0.4045212
0.41185492
0.411806
0.4011275
0.39312837
0.41371155
0.40260905
0.3973619
0.40473175
0.4014542
0.40462175
0.40696877
0.41546848
0.39469826
0.40948826
0.40884084
0.40919146
0.40197423
0.39916205
0.39993036
0.40369034
0.4037604
0.44035095
0.40949443
0.4266299
0.40319797
0.40989453
0.41555342
0.40251493
0.4071586
0.41050422
0.40262556
0.3964294
0.3977613
0.40135345
0.39884368
0.4033669
0.40269685
0.4055782
0.40608737
0.40807238
0.41881993
0.39624855
0.399929
0.40326124
0.4033262
0.39208746
0.40732035
0.3935812
0.41675934
0.4033299
0.40491208
0.40305385
0.41378587
0.41388097
0.39361802
0.40754116
0.42243806
0.41226137
0.39256135
0.39598003
0.4085835
0.3985648
0.40176496
0.400282
0.3986907
0.39768112
0.40823224
0.39208633
0.3969015
0.39484712
0.39811215
0.39730692
0.41120857
0.4124012
0.39157647
0.4080169
0.3986307
0.40612504
0.40289322
0.4031053
0.39918026
0.39756024
0.3938403
0.4075968
0.40792844
0.40816036
0.40309274
0.40229133
0.39921302
0.43119633
0.40521958
0.40814915
0.39763212
0.4333696
0.39990175
0.40595606
0.4127969
0.4063641
0.4065263
0.41140813
0.40544635
0.4300862
0.39856693
0.41897765
0.4020024
0.4033187
0.40883833
0.41716176
0.40596378
0.40988028
0.40600294
0.39613044
0.39755958
0.39877284
0.41652644
0.40428802
0.4031254
0.39587688
0.4070797
0.4087128
0.40537965
0.40241647
0.41072285
0.42929992
0.39887324
0.40285948
0.41517958
0.403396
0.4028268
0.40799487
0.39693514
0.4033489
0.41891652
0.41143835
0.39808175
0.40762758
0.41492563
0.39820296
0.4070723
0.41704
0.4065594
0.4085714
0.41412395
0.40287647
0.41161567
0.41448712
0.4404509
0.40740776
0.4061893
0.42980433
0.40919665
0.4163535
0.39872545
0.41633338
0.4049716
0.42816478
0.40737438
0.4044994
0.4186612
0.42614117
0.4143795
0.40914598
0.41304862
0.427268
0.42373735
0.41025376
0.42881346
0.4124272
0.41026947
0.4105198
0.40522635
0.40762848
0.4221903
0.40629992
0.4102411
0.421146
0.4014298
0.427421
0.41893807
0.42408955
0.42013314
0.41746125
0.43169346
0.4127825
0.42526332
0.42657778
0.41931263
0.42387995
0.409458
0.43042925
0.4218023
0.42796227
0.41143328
0.42509928
0.41648003
0.4189623
0.41115892
0.41320026
0.41574728
0.40793294
0.4365488
0.4310317
0.40217316
0.41513693
0.4135545
0.4107004
0.42886648
0.42180535
0.42559627
0.4107333
0.4129962
0.42266142
0.426416
0.40874344
0.4208917
0.41185436
0.419926
0.4217074
0.43510136
0.43761483
0.4258479
0.42626688
0.42134404
0.42054895
0.43759316
0.44477332
0.4292527
0.42647487
0.42900106
0.4178983
0.42139652
0.4145027
0.43345493
0.42248905
0.4495633
0.420023
0.42103142
0.425492
0.43501693
0.42547554
0.4273244
0.43524548
0.43832672
0.43187073
0.42400676
0.42975435
0.41767794
0.43861175
0.43213975
0.43612728
0.43045902
0.41539234
0.42756632
0.4291566
0.41551155
0.42602202
0.4222049
0.43126166
0.43124065
0.430552
0.4336398
0.44255883
0.43417728
0.4446716
0.43564057
0.4657727
0.43027067
0.42324176
0.43010283
0.42124775
0.43184057
0.43082547
0.43336713
0.43345994
0.43141907
0.44400135
0.43294996
0.41478884
0.4259113
0.42654213
0.4375691
0.4230047
0.4292109
0.42364696
0.4276126
0.45715508
0.43988836
0.42902976
0.43456224
0.42623642
0.436765
0.42779657
0.4400012
0.4284503
0.43014672
0.4404955
0.4345258
0.42538714
0.43870518
0.4333387
0.4380252
0.4596141
0.45589647
0.4358852
0.43358606
0.4239555
0.43588033
0.44905216
0.4485947
0.43304476
0.4441542
0.42193425
0.43341586
0.42308068
0.4416136
0.44267052
0.44524032
0.4271148
0.43580428
0.43717778
0.4328394
0.4391392
0.44420227
0.4478489
0.43557748
0.4351732
0.44241545
0.44923544
0.44860762
0.44960436
0.42827803
0.43907222
0.4459412
0.43615395
0.43806547
0.4549681
0.4438472
0.43673056
0.44941154
0.4466721
0.45509768
0.43258986
0.46222186
0.44661665
0.43085167
0.44118074
0.44705266
0.44501844
0.4451691
0.44966736
0.44900092
0.43189144
0.43632302
0.44436467
0.46013048
0.44594154
0.45944375
0.43986538
0.45690078
0.43636948
0.44414172
0.4537867
0.44222224
0.45315278
0.44560018
0.44550896
0.4505097
0.4706392
0.4415681
0.4572109
0.44575194
0.4464048
0.46234068
0.44977435
0.44153064
0.43450698
0.4503448
0.44364083
0.4522887
0.44608006
0.43800843
0.4487919
0.46569836
0.4453451
0.45705125
0.4458172
0.4809613
0.45341036
0.44352487
0.44960505
0.45998648
0.45096797
0.4577193
0.45066553
0.4670458
0.44626456
0.45313683
0.45591995
0.44263142
0.4845609
0.47924155
0.44942814
0.4543635
0.44968393
0.45881444
0.4444804
0.4416667
0.46289122
0.45502302
0.46339586
0.44483945
0.45670354
0.45388505
0.44888386
0.44798258
0.45430475
0.45013726
0.44216004
0.47547555
0.47752202
0.45450053
0.46518084
0.47203672
0.45271572
0.44933817
0.44579613
0.4622669
0.4708215
0.45944333
0.44254327
0.4578845
0.45520705
0.4508246
0.45617113
0.47001803
0.45230597
0.45613325
0.44292688
0.4520103
0.47552258
0.45111334
0.45876765
0.47880286
0.45367622
0.45172155
0.46038905
0.454396
0.4736652
0.4534855
0.46156424
0.45414555
0.46073043
0.46226922
0.46866423
0.46876547
0.44691488
0.452907
0.4730364
0.4595935
0.46663508
0.4566768
0.4499854
0.4618568
0.47033158
0.46357885
0.4691901
0.46471334
0.45924813
0.47363424
0.46361384
0.47069815
0.46504164
0.4524977
0.461251
0.46258283
0.46306127
0.45509034
0.46982628
0.4812452
0.4584629
0.4561152
0.47374907
0.45723003
0.47791603
0.47316018
0.45073587
0.46984974
0.45091292
0.4599808
0.49084613
0.46503714
0.4592429
0.4622712
0.44521216
0.4536521
0.47516143
0.46232322
0.4575518
0.46173778
0.4524317
0.46549
0.4697269
0.45536008
0.4672708
0.46259013
0.46983093
0.45715022
0.46117505
0.46877497
0.47484633
0.4643388
0.45217076
0.46474552
0.48036215
0.46094057
0.46480668
0.4533153
0.46814093
0.4590424
0.46057537
0.45777798
0.46759742
0.45990762
0.46072713
0.45323047
0.4486957
0.47905114
0.4606535
0.47225478
0.45517996
0.4697534
0.46276328
0.4584137
0.46340483
0.47256613
0.4674862
0.48109284
0.46700025
0.47533482
0.45734403
0.46586543
0.47182357
0.4715692
0.46604016
0.4742891
0.46285525
0.47864166
0.46955836
0.47857514
0.4855295
0.4814463
0.45180163
0.4613715
0.48337066
0.47526643
0.48248735
0.45363677
0.46199226
0.47206596
0.47336376
0.4609245
0.4784939
0.4787185
0.45361853
0.47813228
0.47144562
0.48942652
0.46463028
0.46584767
0.47519076
0.46996665
0.4814578
0.45969033
0.46228915
0.46965253
0.46219853
0.46551186
0.46750498
0.47541925
0.46707788
0.46511674
0.4743719
0.48535448
0.4746403
0.47301632
0.4704261
0.48645422
0.4684576
0.4606411
0.4750488
0.49629444
0.4757974
0.475967
0.44713816
0.4635198
0.47149405
0.477459
0.46796006
0.48875627
0.47596955
0.47767615
0.46340737
0.4838807
0.47526956
0.47062972
0.46060196
0.4806416
0.47093827
0.49837768
0.46415186
0.46536195
0.4603646
0.45416832
0.4711769
0.46606392
0.47040793
0.4590155
0.48331097
0.47728086
0.46444252
0.4710597
0.51261574
0.50425434
0.47193527
0.47413602
0.46325365
0.4761528
0.4748003
0.47376117
0.50382715
0.49056506
0.46443427
0.47798777
0.48380914
0.4749525
0.48159653
0.47267663
0.47931272
0.46684137
0.47090012
0.48906302
0.49094474
0.49986997
0.46953112
0.46956608
0.49024445
0.4779827
0.4689806
0.4734789
0.47005314
0.46975923
0.49886304
0.4973038
0.48202547
0.4832174
0.47601295
0.4769201
0.48249155
0.4833465
0.48027247
0.49289164
0.47608665
0.47138542
0.47218832
0.48371452
0.46865225
0.46907857
0.46667677
0.49491286
0.47564816
0.4672215
0.46807688
0.46658283
0.47263655
0.50372565
0.49867922
0.48537046
0.50015336
0.48003703
0.48211077
0.4754212
0.49144188
0.4758374
0.49057063
0.4984409
0.47341272
0.49926117
0.47688752
0.49267545
0.49941173
0.48326775
0.49141324
0.49148872
0.48193085
0.46929398
0.4781954
0.46916756
0.48000285
0.48642117
0.48619136
0.4786661
0.4674703
0.47839984
0.49553376
0.48145002
0.47992632
0.47855565
0.4814286
0.51827806
0.49894342
0.47916836
0.48306757
0.4753408
0.48002583
0.48784792
0.48721212
0.4868624
0.475254
0.47876596
0.47873563
0.5044581
0.4748733
0.47786722
0.48133728
0.48864657
0.48333576
0.48613334
0.48354247
0.5092562
0.5016429
0.49313867
0.47239143
0.4888524
0.47515857
0.4944855
0.50289387
0.49700287
0.4981575
0.498068
0.4776671
0.47882017
0.4970029
0.49862865
0.4752524
0.47944924
0.49378684
0.488128
0.4938395
0.49521247
0.4833375
0.47891533
0.4889462
0.47715726
0.49237627
0.48534065
0.4766136
0.5056504
0.47810984
0.5085482
0.49730763
0.48260635
0.48029146
0.48190576
0.49155638
0.4859889
0.47600254
0.49583822
0.5009101
0.49540156
0.48025653
0.5022095
0.4871892
0.4886835
0.47628596
0.48259842
0.50024015
0.4863463
0.48236313
0.4884328
0.5086035
0.48175752
0.4991701
0.48563716
0.49139473
0.4903267
0.50235415
0.4906589
0.49794686
0.48844463
0.4990061
0.520357
0.48796627
0.48055688
0.4972678
0.47890308
0.48686215
0.4867193
0.48412076
0.49055484
0.49270508
0.48972037
0.5067619
0.5058728
0.5061466
0.48256025
0.47647128
0.49137866
0.5138276
0.49408475
0.50903064
0.49043658
0.5094158
0.48679337
0.47882026
0.48141035
0.50561124
0.49777135
0.5082718
0.4859959
0.5076758
0.50353795
0.50072473
0.4860113
0.49065733
0.50170547
0.4940591
0.48210943
0.49609944
0.49761474
0.4933406
0.5025539
0.48062724
0.48554066
0.49103776
0.5032798
0.48973942
0.4889253
0.49856588
0.4840639
0.50604945
0.5022534
0.49349126
0.4902598
0.47828844
0.5037238
0.4861637
0.48958698
0.49099678
0.495276
0.487867
0.4823958
0.5112984
0.52190316
0.49276447
0.4945329
0.49278337
0.51345176
0.512467
0.4947511
0.48591998
0.5146692
0.49992865
0.505359
0.48434603
0.48347628
0.48988053
0.49504805
0.4944966
0.48932636
0.49237335
0.50539494
0.49900585
0.49425137
0.487091
0.48171955
0.4867786
0.5004124
0.5031116
0.5005854
0.51372665
0.51175296
0.48772374
0.49912363
0.48624253
0.5152335
0.48885345
0.48741788
0.5082519
0.51244974
0.4996722
0.4849466
0.5075448
0.48559466
0.49315423
0.49044332
0.4989268
0.49613237
0.49486145
0.49496025
0.48581293
0.50402373
0.4966054
0.48873046
0.50115305
0.50806963
0.49466372
0.4824832
0.49378756
0.5135544
0.5053769
0.5329246
0.4864517
0.489536
0.52154714
0.5319936
0.49335477
0.51564634
0.4984898
0.49896693
0.49827123
0.48882133
0.49506718
0.49617234
0.4980279
0.5113835
0.5014232
0.50998783
0.48561472
0.49419522
0.49115878
0.489219
0.486808
0.51912206
0.48463008
0.51402926
0.5121747
0.48422137
0.5247644
0.5110632
0.5361091
0.50401986
0.5084607
0.51081985
0.49546131
0.51035506
0.51820225
0.5037102
0.49934724
0.49208122
0.49511448
0.51248556
0.5210354
0.5136618
0.5019867
0.51170933
0.4917663
0.51095337
0.5067361
0.49927077
0.5078436
0.47978607
0.4995125
0.49948293
0.5069395
0.5380331
0.4955092
0.50275373
0.49714503
0.5061528
0.491619
0.5078886
0.5263718
0.4886336
0.48798028
0.4965506
0.5079762
0.49346247
0.54202014
0.50369
0.52375835
0.5012178
0.48723358
0.4897037
0.49763927
0.52178866
0.5009108
0.49569336
0.49460793
0.5222835
0.5046601
0.4992869
0.4895149
0.4957871
0.5153252
0.49850363
0.49785155
0.51315665
0.5141571
0.51171833
0.5087725
0.49910876
0.5232642
0.5039954
0.48437074
0.5009002
0.5098414
0.51206046
0.51212466
0.49574545
0.50931436
0.5019006
0.51401305
0.5189917
0.51368994
0.5070409
0.5027676
0.50352466
0.48912275
0.5175401
0.50443816
0.52449566
0.5074937
0.50317854
0.50635284
0.48963088
0.5072613
0.51823395
0.51691717
0.49069485
0.50928104
0.51868004
0.52222127
0.51827824
0.5056209
0.51385427
0.5057569
0.5288926
0.49820662
0.495858
0.51839125
0.5186979
0.5030115
0.4997542
0.50247633
0.50842685
0.50287545
0.51193076
0.51366794
0.50270694
0.51254135
0.5216637
0.51326805
0.5109598
0.50202304
0.49626887
0.5078731
0.5093771
0.49673003
0.4923726
0.49262065
0.50761354
0.49434143
0.49406105
0.507785
0.5127612
0.50634897
0.50228614
0.4831101
0.5055579
0.53276515
0.4889882
0.529857
0.5239113
0.51579
0.49542797
0.49738684
0.52433085
0.5124738
0.4979913
0.49056175
0.507986
0.5200516
0.5028288
0.5125755
0.48336935
0.511646
0.5137239
0.51758474
0.5048294
0.5134226
0.502132
0.49855763
0.49478698
0.5233567
0.50540525
0.49844715
0.4915939
0.5016827
0.5087588
0.51829374
0.49811023
0.50189346
0.5010883
0.5154922
0.5272207
0.51648974
0.5202532
0.5121103
0.51549006
0.49383387
0.51619154
0.49766955
0.5130664
0.52218544
0.51633
0.5260183
0.50682306
0.51685846
0.5133878
0.5348849
0.5088018
0.5108979
0.5135989
0.52829695
0.5117013
0.50603235
0.5084271
0.49975917
0.51158166
0.5072419
0.4908675
0.5115118
0.5193647
0.5230934
0.527371
0.5083945
0.52389205
0.51663595
0.52547294
0.5292442
0.51121175
0.5094757
0.5152498
0.5063358
0.5087585
0.51385325
0.51487494
0.5382732
0.53101957
0.51186365
0.5119287
0.5171949
0.5080554
0.5060476
0.5117888
0.51110184
0.51466197
0.5106812
0.51893324
0.51655686
0.51909184
0.51420486
0.5261266
0.52131903
0.52786225
0.5355386
0.5351164
0.52275133
0.5269583
0.5233533
0.5116691
0.52017033
0.5067927
0.49944904
0.516725
0.5310538
0.527743
0.49551362
0.50983125
0.5204424
0.50236505
0.52195776
0.5156674
0.52686006
0.50391406
0.50012743
0.49536896
0.51436645
0.5430085
0.5132567
0.51150095
0.5288432
0.5028796
0.49272695
0.5144462
0.5357432
0.5176937
0.5087574
0.51493704
0.50776124
0.49964646
0.5075239
0.52093345
0.53714305
0.50742567
0.5158068
0.5196937
0.49682683
0.51456857
0.51593286
0.5204117
0.5127003
0.5035019
0.51001334
0.5142656
0.50958014
0.52560955
0.5213079
0.5129644
0.51455855
0.5227329
0.5099452
0.52458537
0.49787977
0.52115476
0.53309524
0.51364994
0.50814617
0.5071729
0.5082332
0.5165812
0.51047397
0.49999592
0.50518703
0.5033327
0.50904995
0.52344406
0.5191329
0.5236375
0.50864
0.50779325
0.5108063
0.50624305
0.51214683
0.51614004
0.50094444
0.5327289
0.51252246
0.5116972
0.51542807
0.50635535
0.50923026
0.5127384
0.50672525
0.52737194
0.52784413
0.5081666
0.5191433
0.51899034
0.5452949
0.52839786
0.52530134
0.52042115
0.5302676
0.5110339
0.50955635
0.5267927
0.5274871
0.5194163
0.5506506
0.5287203
0.5198168
0.531215
0.4983047
0.52215
0.52637947
0.5151545
0.5101131
0.52936333
0.5118432
0.5356397
0.508641
0.52129734
0.5201093
0.51232123
0.53948516
0.5159298
0.51526356
0.5264087
0.5118331
0.5222432
0.5320031
0.53044826
0.5050483
0.530508
0.53517455
0.52121913
0.5303106
0.5157151
0.50932527
0.5038935
0.51572376
0.5165916
0.509831
0.52139693
0.54942346
0.5140768
0.509834
0.511279
0.51760864
0.5139668
0.5083493
0.5370388
0.51681364
0.51484865
0.51557726
0.52755314
0.51148474
0.5170155
0.52823335
0.5071933
0.5409443
0.52385455
0.5250031
0.5242002
0.51526004
0.5220414
0.51875585
0.52121925
0.50284415
0.5160205
0.5337944
0.51152223
0.52848095
0.4931224
0.5322829
0.5077974
0.5286787
0.5019475
0.5191474
0.53579366
0.51254004
0.54338276
0.5052599
0.52344954
0.5117291
0.5269434
0.520974
0.52567667
0.52261966
0.5296239
0.51623935
0.50203145
0.51472
0.51806694
0.5146698
0.5105076
0.5014148
0.508925
0.5371185
0.5224373
0.51432806
0.51499677
0.5433335
0.53487825
0.5101032
0.5128647
0.5264201
0.5114152
0.5196332
0.50567114
0.52189845
0.5373816
0.5146314
0.5122994
0.51328945
0.5455078
0.5379466
0.5057479
0.52572346
0.5163319
0.536915
0.51203316
0.51538473
0.51875347
0.56244403
0.5305742
0.5235122
0.5053542
0.5207112
0.5053374
0.5145645
0.5460634
0.51342356
0.5351853
0.5190875
0.5157438
0.52883726
0.5344725
0.5173961
0.50964427
0.5341165
0.52634454
0.5095629
0.52660394
0.518219
0.5322458
0.5143657
0.5202895
0.52449244
0.5079465
0.5311337
0.51949763
0.5222388
0.5235863
0.5393989
0.5401373
0.5243469
0.55027086
0.52713704
0.52136827
0.50870144
0.52421665
0.545092
0.51688796
0.5271044
0.5277108
0.5192534
0.515722
0.5334239
0.5103008
0.52537537
0.5088839
0.5374282
0.5146757
0.52777535
0.5217758
0.5137407
0.5086737
0.50885624
0.5058565
0.51041406
0.52218056
0.5272507
0.51111907
0.52506924
0.513688
0.51642996
0.5108179
0.52378845
0.5354067
0.52274954
0.538329
0.5134561
0.52426946
0.5396606
0.53027403
0.5173773
0.52362996
0.5515334
0.5278058
0.50952595
0.5143307
0.53090066
0.505405
0.5172122
0.51268995
0.5255262
0.52493775
0.5024927
0.51367104
0.5365486
0.53373
0.5213876
0.51828307
0.5319848
0.5173907
0.5435291
0.5233837
0.51898235
0.5101795
0.50699884
0.50423586
0.5261824
0.53038454
0.510254
0.51871246
0.5228159
0.5233391
0.5253869
0.5352011
0.5422983
0.51387775
0.5115806
0.5159951
0.52291197
0.52000505
0.5271371
0.5106402
0.54835045
0.5184
0.5296707
0.53477293
0.51300496
0.5415609
0.526417
0.5330645
0.52258396
0.52890384
0.51205
0.5303256
0.5215945
0.53559816
0.51299495
0.5231184
0.51119775
0.52151227
0.51847804
0.52119964
0.54283506
0.51636094
0.5260828
0.5331008
0.5125932
0.5023752
0.5400328
0.51063544
0.5210337
0.5013275
0.5150155
0.5146472
0.52807087
0.5330517
0.5319171
0.5359435
0.5495413
0.5215644
0.51752263
0.5171754
0.51814264
0.52779853
0.51729196
0.5446265
0.52013725
0.5051816
0.5178059
0.52194846
0.5196976
0.53905994
0.51681644
0.5289499
0.51404893
0.51703084
0.5158581
0.5118211
0.51581746
0.52950597
0.5176107
0.51963043
0.5209623
0.51914376
0.53285015
0.51193976
0.5244645
0.5281942
0.5145452
0.51794416
0.5257418
0.50991154
0.5487255
0.51757073
0.53579074
0.5130703
0.53302026
0.5240934
0.52809095
0.5150193
0.5138521
0.52518356
0.5188064
0.550467
0.5416497
0.52390563
0.52722037
0.52687085
0.52831376
0.5118445
0.5498866
0.5172587
0.5367866
0.52349335
0.51377887
0.5476455
0.52387303
0.51645154
0.5223263
0.52617717
0.5198207
0.5436774
0.5237222
0.5169009
0.5349977
0.5309281
0.50907403
0.52314436
0.5370099
0.530264
0.5431459
0.5558522
0.5218493
0.5328472
0.5398811
0.53500706
0.52859634
0.52350336
0.52094966
0.52195287
0.53855205
0.5272004
0.51625377
0.53593284
0.5264991
0.5223327
0.5218315
0.5203533
0.53442776
0.52155036
0.5419301
0.5177315
0.53191185
0.5364188
0.5432046
0.50121087
0.5358232
0.5171584
0.50746393
0.5093009
0.5232796
0.52220756
0.53853
0.5390874
0.5386235
0.56447536
0.5089546
0.5184847
0.5131613
0.51402867
0.5046369
0.5418594
0.50994635
0.5195462
0.53083104
0.5103213
0.5441242
0.5245488
0.5550354
0.51939493
0.5055512
0.5202454
0.5153196
0.5323333
0.5236992
0.5194396
0.5140146
0.5040989
0.5268338
0.5256397
0.5149355
0.51779664
0.5137953
0.5160117
0.52091974
0.51566684
0.52382755
0.52707505
0.5176608
0.5214502
0.5161601
0.51637584
0.5037774
0.5384625
0.530148
0.51457864
0.5216336
0.52917784
0.5445596
0.52641916
0.5277559
0.52608407
0.52620494
0.5357103
0.52109045
0.51906455
0.526583
0.53100646
0.5075724
0.55835646
0.54283756
0.5225658
0.53758997
0.5407903
0.5439934
0.5165076
0.51839095
0.52429205
0.52727413
0.50880015
0.523807
0.53574514
0.5580074
0.52259827
0.5516328
0.5166001
0.5299849
0.5174428
0.5377135
0.52352196
0.5351993
0.5085781
0.5211143
0.502246
0.52836514
0.5288909
0.5216588
0.50499207
0.52947897
0.5122711
0.52943546
0.5159637
0.52134216
0.55615777
0.52306116
0.53499085
0.51353097
0.53505754
0.5289852
0.5450552
0.51116693
0.5283504
0.5288276
0.54291457
0.54121
0.520625
0.52732915
0.51522726
0.5178675
0.5306498
0.54237914
0.52204305
0.538648
0.5207179
0.5116108
0.53651685
0.54718274
0.5225728
0.5127221
0.51630527
0.5296663
0.5281416
0.5302645
0.56272215
0.5325744
0.51451725
0.5226817
0.5315928
0.5350782
0.5115067
0.53822124
0.52419364
0.53512335
0.5366877
0.53849256
0.5294615
0.53043926
0.52846384
0.539178
0.53028303
0.5047759
0.530248
0.5507314
0.540104
0.53268164
0.5331637
0.52333647
0.53799343
0.5465722
0.5326628
0.5265726
0.5252109
0.5226088
0.52677894
0.5227558
0.54369795
0.52256083
0.54236424
0.52230656
0.52897626
0.537682
0.5304918
0.5254809
0.5208646
0.51634485
0.51978064
0.5234777
0.52429706
0.546734
0.5464706
0.5280493
