0.756993
0.6855227
0.65368605
0.5827282
0.6364257
0.5935954
0.5370233
0.62991345
0.5296758
0.60700256
0.5208459
0.6092673
0.5681949
0.48544002
0.48007226
0.47289702
0.47673056
0.53409946
0.47605214
0.5221554
0.44826922
0.45259246
0.44957933
0.47189212
0.4604746
0.4367678
0.46444914
0.46966067
0.4826534
0.6484709
0.50695366
0.5016676
0.4688799
0.45559487
0.41884348
0.52336
0.4409096
0.45275548
0.42865115
0.5530151
0.44399062
0.42220458
0.43052346
0.47554055
0.4631249
0.4799585
0.48513815
0.4967258
0.42574
0.40978572
0.41638073
0.4128057
0.407603
0.42282382
0.4223588
0.49608266
0.5574913
0.4692071
0.4271257
0.40450978
0.4096378
0.40225583
0.41026285
0.4289878
0.41752997
0.45474362
0.40249756
0.43672547
0.41121888
0.4251471
0.44981098
0.39303026
0.38309938
0.41658717
0.3949273
0.5264719
0.42075476
0.4359178
0.38363668
0.376744
0.37331384
0.38351145
0.36691773
0.38430768
0.39596024
0.35846502
0.35139456
0.35756892
0.35635403
0.36973262
0.37329933
0.35179055
0.3777179
0.3832762
0.3515688
0.35852194
0.3450123
0.429597
0.3453111
0.34119427
0.34694454
0.34675282
0.36630285
0.33506858
0.36700565
0.36838523
0.35607782
0.32980287
0.33450818
0.39670333
0.3253109
0.3346371
0.35616532
0.34093437
0.32590866
0.3799809
0.46884057
0.32531103
0.34762162
0.33260202
0.3449216
0.31546193
0.3381484
0.32582772
0.3269375
0.30908647
0.32691267
0.3154379
0.32687995
0.33045563
0.3578835
0.3084955
0.32467988
0.33716357
0.31810355
0.37641472
0.30679345
0.31016165
0.31054097
0.33731654
0.31150547
0.31524143
0.3110568
0.3022033
0.2986075
0.29992282
0.30005223
0.31596908
0.32345483
0.2973982
0.3147254
0.30564576
0.30547652
0.2976269
0.29331684
0.29989702
0.29268435
0.3083357
0.29546863
0.3105457
0.29443574
0.30847168
0.29601207
0.29678905
0.33884856
0.29495415
0.29206732
0.29711235
0.31953603
0.28618044
0.3132831
0.29408485
0.29255924
0.28946266
0.283359
0.29853734
0.29117405
0.287373
0.2967067
0.29064646
0.28637794
0.27876332
0.28870192
0.29819533
0.28435272
0.28934598
0.2894022
0.29564
0.27870664
0.28873244
0.2832465
0.27169454
0.30221233
0.28120542
0.28547305
0.31031212
0.28052205
0.28238827
0.28787446
0.2835304
0.29967996
0.29265654
0.2793891
0.2787382
0.28011203
0.27875826
0.28787765
0.28935733
0.2731938
0.28422505
0.28180984
0.2827935
0.2856241
0.28282368
0.28195292
0.283386
0.27958772
0.29482195
0.29576653
0.27265263
0.27817586
0.27221778
0.28484228
0.2829308
0.281675
0.295038
0.27760834
0.28805256
0.2708297
0.26230386
0.2734707
0.26645204
0.26526478
0.26974437
0.2740498
0.27862597
0.26771286
0.26179004
0.27073202
0.2704474
0.2588508
0.26360404
0.25624242
0.26421157
0.26710713
0.27289835
0.27802068
0.27912563
0.25572222
0.26782787
0.2667338
0.27000284
0.2571515
0.2783132
0.2649732
0.2662298
0.26410615
0.25948918
0.25845394
0.27890027
0.2589159
0.26357087
0.27146384
0.27673468
0.25946358
0.25850904
0.26080447
0.26473403
0.26134092
0.26760802
0.27187014
0.26785046
0.26034006
0.2733256
0.25906178
0.25888363
0.28008828
0.26779708
0.25134608
0.27298802
0.25654194
0.2510389
0.2601657
0.2603776
0.28725314
0.26216242
0.25864914
0.25340253
0.24815632
0.26309916
0.25280777
0.27133298
0.25378644
0.2577446
0.2556325
0.25265813
0.25620183
0.2637218
0.26016152
0.2524134
0.26694107
0.2599006
0.25240737
0.26619855
0.24857081
0.26370525
0.26429754
0.25993055
0.25959438
0.25788733
0.2590528
0.2565124
0.2553281
0.26117477
0.2650466
0.26208615
0.262873
0.26156586
0.25526327
0.250205
0.26828676
0.25555587
0.26542804
0.26246688
0.25450832
0.26291174
0.24129009
0.25018212
0.2563909
0.2532623
0.25331697
0.254002
0.27394584
0.26301086
0.24586911
0.24526724
0.25919786
0.25898132
0.26049808
0.2546107
0.24632122
0.26069868
0.25086746
0.24805267
0.2522574
0.25989407
0.25350454
0.24289265
0.24927004
0.26679897
0.2516135
0.25652912
0.24821366
0.25782603
0.25004783
0.25260824
0.25590825
0.26385987
0.25056273
0.2551857
0.25742963
0.26078108
0.2475904
0.2560798
0.25345573
0.2517274
0.2531876
0.24909279
0.24507223
0.2558827
0.25604486
0.2531651
0.24931607
0.25725895
0.25148508
0.2510576
0.25771776
0.25322202
0.2506372
0.24763533
0.2543912
0.24478653
0.2548389
0.25149825
0.25355762
0.2586047
0.24739593
0.24650851
0.2585475
0.24863042
0.25065446
0.25038925
0.25021592
0.24764173
0.25406456
0.25999865
0.25525308
0.25530708
0.2401304
0.24241674
0.24153723
0.2487759
0.2513331
0.24453327
0.23953305
0.24627438
0.24100317
0.24667126
0.24326986
0.2541728
0.2563752
0.24451965
0.2641679
0.24842033
0.24789515
0.24269955
0.23949787
0.2445229
0.23983924
0.24203782
0.25137672
0.2518656
0.24943393
0.24847299
0.25172654
0.24536884
0.24691635
0.25380775
0.2509791
0.24847409
0.24358252
0.25413722
0.24836627
0.24847859
0.255822
0.24522409
0.24918364
0.25147682
0.238402
0.25448775
0.2424599
0.24538244
0.24582383
0.24450737
0.24406292
0.24569504
0.24289182
0.23950493
0.24965109
0.24921912
0.23775862
0.25258082
0.25090834
0.24854627
0.24157207
0.25254163
0.25149384
0.24106294
0.25197875
0.24616522
0.24199912
0.24722596
0.24632767
0.25392857
0.23915693
0.25832883
0.23931473
0.24811122
0.24650976
0.24873905
0.26304954
0.2413573
0.24269441
0.25250655
0.23978765
0.25789264
0.24433663
0.24372749
0.25518626
0.2406822
0.24379954
0.23874469
0.25098154
0.24240066
0.24860089
0.23982574
0.24964955
0.24434389
0.2532816
0.24869752
0.23920071
0.24503385
0.23988889
0.2472494
0.24204774
0.23744097
0.24071273
0.23979612
0.25136387
0.23826738
0.24251916
0.24573353
0.24528237
0.24128449
0.24261826
0.24312943
0.24509323
0.24502909
0.25030077
0.2509785
0.24432266
0.25315273
0.24246849
0.23850511
0.23531996
0.24097002
0.24181895
0.24323066
0.24782597
0.2477569
0.2405211
0.25111282
0.24893571
0.2398257
0.23608965
0.24866763
0.24337108
0.24286777
0.24347791
0.23961309
0.2400162
0.23907112
0.24033237
0.24817432
0.24412939
0.25347817
0.24886876
0.24948974
0.24084912
0.2445681
0.2426353
0.24371998
0.2398327
0.23804851
0.23535421
0.2497291
0.24333961
0.2488927
0.23476915
0.25136238
0.2425275
0.25811163
0.24028847
0.24716169
0.23883687
0.2471893
0.24895361
0.24209651
0.23838495
0.24236922
0.24402143
0.24009171
0.24261487
0.24441902
0.24659534
0.240384
0.24890731
0.23992503
0.24200737
0.24269922
0.24649072
0.24668452
0.24336971
0.2389041
0.23755692
0.23658475
0.24551505
0.25183296
0.23814401
0.2412273
0.24022767
0.2439202
0.24412918
0.25586313
0.24320178
0.23321815
0.23442946
0.2437461
0.23974857
0.23573352
0.24282518
0.24237105
0.23939626
0.24025801
0.23739338
0.23977198
0.24479763
0.23824535
0.24392077
0.24352887
0.24688506
0.24525617
0.24875154
0.24434876
0.239819
0.24368815
0.24722345
0.2454509
0.23747806
0.23886968
0.23899205
0.24017428
0.24432488
0.23522681
0.2372617
0.23524436
0.24194631
0.2534569
0.23647383
0.24043477
0.24393375
0.23347642
0.23841336
0.23422225
0.23857766
0.23395218
0.23650165
0.23324542
0.24065813
0.2417033
0.2467424
0.25373667
0.24154745
0.24330546
0.24260168
0.24317415
0.24236
0.24401414
0.23920505
0.24506877
0.23537917
0.24580519
0.23562656
0.23953076
0.2387849
0.2368189
0.23561719
0.24163008
0.23864122
0.23880076
0.24125835
0.24580963
0.23507546
0.23673354
0.24950984
0.23645382
0.2343882
0.23170738
0.23715909
0.2352121
0.23275173
0.24244866
0.24317417
0.2371717
0.24473956
0.23650958
0.2370121
0.24921647
0.23318163
0.23770048
0.2326115
0.24083011
0.23876178
0.23511061
0.23587991
0.23761493
0.23447584
0.24306428
0.23838006
0.23733403
0.23818545
0.23939008
0.23259452
0.2359428
0.23357922
0.23505987
0.23946556
0.24184869
0.23560648
0.23995247
0.25240287
0.23555802
0.23584536
0.23948367
0.23995984
0.2335869
0.24086894
0.2402659
0.23086041
0.24011667
0.23396836
0.24263859
0.23337144
0.24399228
0.22925107
0.23666348
0.23833282
0.2355684
0.24118082
0.24444659
0.24002555
0.2436893
0.24266145
0.24075711
0.23789348
0.24742112
0.24027555
0.24279876
0.24328776
0.23143376
0.2382668
0.23610291
0.23256843
0.24190424
0.23835221
0.22449222
0.23282486
0.23089847
0.23744358
0.23337415
0.2359272
0.23020448
0.22554748
0.24099982
0.22856599
0.22826698
0.24018975
0.22661768
0.24028689
0.24014811
0.24056995
0.23163234
0.23676977
0.22972597
0.24063542
0.24232173
0.24347228
0.23651835
0.2386044
0.23537187
0.23503284
0.2348582
0.2289681
0.2298267
0.23545046
0.23722258
0.23673604
0.23406683
0.23683514
0.24260604
0.2416397
0.23704697
0.23487538
0.23715347
0.23509173
0.23897606
0.24870019
0.24605815
0.23905507
0.2354312
0.23748761
0.23353426
0.23550953
0.2298038
0.23224401
0.2339266
0.23776111
0.23601083
0.2300739
0.22620001
0.22932307
0.23253344
0.24204476
0.22764117
0.23398249
0.23274575
0.23138388
0.23668793
0.24680492
0.23358005
0.2330785
0.23658974
0.23403628
0.2411215
0.2290841
0.23037368
0.23510356
0.23838426
0.23690699
0.24079715
0.23292983
0.23154408
0.23264778
0.23676388
0.24044913
0.23369557
0.2361003
0.23408961
0.23224236
0.24345115
0.23759975
0.23325342
0.23309627
0.22842409
0.23744947
0.22793351
0.23774263
0.24002022
0.23327824
0.23626173
0.23700705
0.23153947
0.2371111
0.2322125
0.23229262
0.23690607
0.23860201
0.23153503
0.23020683
0.23185132
0.22986925
0.23322533
0.22950746
0.23060405
0.23700589
0.2313912
0.2286852
0.23096894
0.2398817
0.24024124
0.23416965
0.23794794
0.24028176
0.2354645
0.23787592
0.23407096
0.23521054
0.23917009
0.2375213
0.23488666
0.25471985
0.23588103
0.23212574
0.23544036
0.2307872
0.23357762
0.23429418
0.23568557
0.23149858
0.23749307
0.23565161
0.23853067
0.2389756
0.23483539
0.23399238
0.23668359
0.24000186
0.24120113
0.24182232
0.23906219
0.23630702
0.22932166
0.2377865
0.2349294
0.2353089
0.23527065
0.23350485
0.23361023
0.23139933
0.23180452
0.24964935
0.23629193
0.23723748
0.23806913
0.24179623
0.23862861
0.23652054
0.24282423
0.23820762
0.23771651
0.23910543
0.23977281
0.23274948
0.23227002
0.23724945
0.23549214
0.2355895
0.23764826
0.23493564
0.24017544
0.23720822
0.23181252
0.23210853
0.23546459
0.23511977
0.23573874
0.23525813
0.22849692
0.24518572
0.24476564
0.23842286
0.22974694
0.24027397
0.23798345
0.23222075
0.23306426
0.23675156
0.23388785
0.23614775
0.24297693
0.23722015
0.23495561
0.24077521
0.23542415
0.23992895
0.23324631
0.23956761
0.23510344
0.23294948
0.23648559
0.24435227
0.23750928
0.23309623
0.23748076
0.23498638
0.23092172
0.2309917
0.23420547
0.23891494
0.23247167
0.23459129
0.2315533
0.23537375
0.24048033
0.24025582
0.23436426
0.23463915
0.22949575
0.23511162
0.2330571
0.23152103
0.232846
0.22634678
0.23021457
0.23904404
0.23075846
0.23910348
0.2416631
0.2368174
0.24098091
0.23525171
0.23886171
0.24104564
0.23450992
0.23214999
0.2315373
0.23226734
0.22559687
0.2343356
0.22774239
0.23803899
0.23813893
0.23263068
0.23175114
0.23844965
0.23671061
0.24527495
0.23466265
0.23555663
0.23613764
0.23540649
0.23291586
0.23368244
0.22761352
0.22901037
0.22831376
0.2302854
0.2351329
0.23704617
0.2385887
0.23622915
0.22858936
0.24127421
0.23307465
0.22982869
0.24061918
0.23947889
0.24222773
0.23852128
0.23141699
0.23650087
0.23620407
0.23447004
0.23206757
0.2355978
0.23943584
0.24333626
0.23450594
0.24202147
0.23794627
0.2326887
0.23405692
0.22674133
0.23987696
0.24252692
0.23757307
0.23325093
0.2402471
0.23479669
0.23835711
0.23040363
0.23265906
0.23505586
0.23438422
0.23696513
0.23666896
0.2403927
0.24013646
0.2353711
0.23783566
0.23297831
0.24029008
0.24408412
0.2411978
0.23394187
0.23562126
0.22705117
0.23571697
0.23411338
0.2362062
0.23470236
0.2363391
0.23139311
0.23609845
0.24167751
0.23798116
0.23680404
0.24048798
0.2386313
0.22975075
0.23664653
0.23159908
0.23501395
0.22952656
0.24254304
0.23653248
0.23743184
0.2404784
0.23589157
0.23919427
0.23605216
0.23118985
0.2273651
0.24107912
0.24468465
0.23120666
0.2409265
0.23735037
0.23711282
0.24030337
0.24508603
0.2537732
0.24042082
0.23779744
0.23604058
0.24165459
0.23409195
0.24012865
0.23598069
0.2344852
0.24050874
0.23779833
0.23653176
0.2373329
0.23473603
0.2366254
0.23735268
0.2317532
0.23530163
0.2318582
0.24225776
0.23868893
0.24215956
0.24121358
0.2392624
0.23467799
0.23397326
0.22965857
0.24208803
0.23091638
0.23618285
0.23765068
0.23345996
0.24004911
0.23720829
0.24223535
0.23427227
0.24133432
0.2318111
0.23637998
0.2354023
0.23658946
0.23893246
0.2368271
0.22687055
0.23186354
0.23496911
0.24223411
0.24178274
0.23622158
0.23538908
0.24310891
0.23546474
0.23737474
0.24256888
0.2434473
0.23745704
0.23614126
0.23706973
0.2374999
0.22939318
0.23236464
0.23931596
0.23941338
0.239388
0.2359639
0.23989843
0.23292944
0.24523982
0.23486066
0.23593126
0.23545776
0.23748715
0.24898027
0.24019435
0.23730518
0.23379938
0.23654266
0.23627503
0.23218986
0.23264217
0.23370808
0.23147288
0.23022965
0.2329247
0.22941577
0.23143056
0.23675713
0.23278524
0.23131905
0.23818348
0.23519306
0.23857284
0.23698239
0.23360184
0.22957198
0.23301484
0.22926429
0.23264913
0.2323808
0.24602619
0.2444103
0.23665382
0.23813011
0.23412499
0.23421976
0.23472688
0.233175
0.23302864
0.23542835
0.23271008
0.23256384
0.22898255
0.23953557
0.2330663
0.23502174
0.23374589
0.24011537
0.23569922
0.24100529
0.24035646
0.23342057
0.23878495
0.23898146
0.23783176
0.23921297
0.23956402
0.23608628
0.23977998
0.23884907
0.24071017
0.2396884
0.24003546
0.23563094
0.24181615
0.2391097
0.23525026
0.23837563
0.2388406
0.23520681
0.23696509
0.23094642
0.23433727
0.2380514
0.23779096
0.2400562
0.23992394
0.236215
0.23843232
0.2448951
0.23945084
0.23962831
0.24144909
0.23784779
0.23856841
0.23848292
0.23610109
0.23535828
0.23745435
0.23368311
0.23359649
0.23787186
0.23966427
0.23987159
0.24033864
0.2377825
0.24459036
0.24968019
0.23971128
0.2342114
0.22962387
0.24272707
0.23924959
0.23502891
0.23878823
0.23377965
0.23525624
0.23656745
0.24565056
0.24138191
0.2397052
0.2393726
0.23759684
0.24054366
0.23484287
0.23703767
0.23860912
0.23356122
0.2401257
0.2480613
0.24055324
0.23648416
0.2415753
0.24040835
0.24693434
0.23902714
0.2465456
0.23983489
0.24103293
0.2354549
0.2367424
0.23360597
0.23956144
0.23911573
0.2415948
0.2424365
0.23757893
0.2392758
0.24062757
0.23314694
0.23387575
0.23365606
0.23880285
0.23618256
0.23560645
0.23399934
0.23675674
0.2381796
0.23773529
0.23806368
0.23832291
0.23828405
0.23769927
0.23989323
0.23551823
0.2413446
0.23747334
0.23840147
0.23754828
0.23816621
0.23861864
0.23685257
0.24329117
0.24447158
0.2382784
0.239409
0.2385883
0.23996995
0.2391164
0.23896463
0.2392476
0.23083521
0.23392287
0.23616974
0.23870774
0.23301062
0.23477387
0.23945677
0.24257077
0.23921198
0.24197964
0.23582692
0.24112095
0.24045202
0.23983188
0.2370686
0.23574223
0.24182817
0.25011086
0.23507553
0.24876146
0.23839569
0.2373273
0.24394318
0.24043973
0.2356643
0.23982094
0.24363916
0.24538639
0.23926868
0.23935251
0.23600888
0.23924921
0.23875903
0.24513663
0.24410984
0.24157278
0.23922718
0.23762028
0.23843199
0.2366225
0.24077292
0.24084915
0.24437964
0.2439078
0.23805489
0.24060434
0.23868157
0.23935322
0.24146727
0.23980391
0.235438
0.23631816
0.22972582
0.23339887
0.23357508
0.22799358
0.23382773
0.23430473
0.23631729
0.23631829
0.24222036
0.24017198
0.2375338
0.24218501
0.24126136
0.24263425
0.2303233
0.23538473
0.23409776
0.24072506
0.23603983
0.23606619
0.24008238
0.23589969
0.23307702
0.23771878
0.23603718
0.23780346
0.23415083
0.23170424
0.23998955
0.23212789
0.23203608
0.24156547
0.23223309
0.23221269
0.23576985
0.23438986
0.23382847
0.23216468
0.23352426
0.23096712
0.2406115
0.23354253
0.23435989
0.23401925
0.23484907
0.23422912
0.23921645
0.23631622
0.23765337
0.23986922
0.23475501
0.23446958
0.23826928
0.23777352
0.23102286
0.23214649
0.2294205
0.23304163
0.22907643
0.23688748
0.22893138
0.23939562
0.23456487
0.23355007
0.2399783
0.23105839
0.23623322
0.23546258
0.23905101
0.23455234
0.23604767
0.247757
0.23441023
0.23359762
0.24120751
0.24044353
0.23518619
0.23456432
0.23600765
0.23711666
0.23610243
0.2308117
0.23462033
0.23802404
0.23143476
0.23354043
0.23047346
0.23164646
0.24391545
0.24310626
0.23980832
0.24286897
0.23509711
0.23737478
0.23842448
0.23725602
0.23719196
0.23833586
0.2380111
0.239149
0.23847404
0.23814887
0.23536858
0.24015632
0.23273686
0.23348163
0.23857252
0.2367772
0.2327424
0.23382449
0.23903309
0.23729971
0.23686467
0.2362592
0.24108055
0.24244854
0.24134749
0.23820052
0.23274912
0.23943819
0.23343669
0.24257448
0.24525811
0.23676084
0.23857598
0.2333654
0.23370665
0.2267566
0.23182516
0.23808728
0.24028632
0.24295929
0.23680075
0.23640507
0.23365323
0.23574756
0.23736653
0.24113584
0.23728448
0.23833129
0.23707667
0.23610745
0.23704425
0.23704182
0.24211645
0.240536
0.23512387
0.23510815
0.23463419
0.23195513
0.23832288
0.2440264
0.2383898
0.24062338
0.23472743
0.24286608
0.23825857
0.24002934
0.23807505
0.2381326
0.23245364
0.23848705
0.23799136
0.24003723
0.23266204
0.23847327
0.23598094
0.23557562
0.23871088
0.2337731
0.2355082
0.23720196
0.24036418
0.2432779
0.24251664
0.24365665
0.23520656
0.23565127
0.23638982
0.23879042
0.24383368
0.23819393
0.23996504
0.24445806
0.24096754
0.24053696
0.24374588
0.2370476
0.23915505
0.23859034
0.23877567
0.24562459
0.24429666
0.24005663
0.24232057
0.24177384
0.24255644
0.23729475
0.23720928
0.23989537
0.23561648
0.23857702
0.24022904
0.244135
0.2452815
0.23829147
0.24183658
0.23849602
0.23896755
0.24897544
0.24515751
0.24012436
0.24796261
0.24134707
0.23701994
0.24560685
0.23990558
0.2352145
0.24427888
0.24150315
0.24477613
0.2342962
0.23710752
0.23779403
0.23396046
0.24255678
0.23982722
0.24041049
0.23596548
0.24079461
0.23868863
0.23864155
0.23925073
0.23412341
0.24326041
0.24074513
0.24444358
0.24541916
0.24429847
0.24099189
0.2427641
0.24450816
0.24770802
0.24260634
0.24169391
0.24119031
0.24255446
0.24172203
0.23865688
0.24262267
0.23723786
0.23396528
0.23582059
0.2309911
0.23582399
0.23455662
0.24223611
0.23791592
0.2310652
0.24218069
0.239934
0.23645552
0.24301961
0.23525503
0.23893127
0.23955733
0.23796035
0.24390696
0.2386581
0.23889731
0.24170594
0.23821877
0.23628297
0.2332794
0.2337286
0.2323764
0.23300643
0.23364423
0.23511007
0.23360048
0.23016496
0.24267201
0.23902039
0.2397428
0.23518912
0.23107842
0.2335423
0.23346698
0.23660746
0.23927635
0.23465824
0.23357666
0.23609698
0.2340697
0.23433961
0.23372564
0.22953165
0.23649473
0.23501396
0.23737459
0.24334507
0.2358706
0.23688616
0.2436049
0.24601112
0.24752864
0.23845074
0.24029943
0.23500505
0.23552202
0.24093679
0.23620753
0.23538287
0.23100191
0.2430536
0.24274632
0.24428178
0.24235134
0.23529302
0.23637664
0.24035834
0.23569155
0.23778032
0.23784702
0.23294806
0.23622487
0.23550351
0.23848529
0.23472665
0.23551326
0.23605655
0.23742196
0.23295863
0.23446171
0.23212631
0.23254105
0.23627573
0.24015874
0.23616575
0.23702578
0.23160921
0.23062487
0.23584217
0.23839873
0.24001408
0.23981476
0.23254544
0.23694795
0.23525202
0.2301813
0.23792003
0.23425694
0.24047354
0.23739818
0.2332607
0.23891346
0.23862533
0.23604189
0.24228777
0.23365474
0.23841037
0.232623
0.23020703
0.2350538
0.23359296
0.2337095
0.23978795
0.23516177
0.23702472
0.24591045
0.23531921
0.23382041
0.23891543
0.23615178
0.23859422
0.23498982
0.23900332
0.25064194
0.23746729
0.23893145
0.2370184
0.23839092
0.23785284
0.23580912
0.23488829
0.23249342
0.23377454
0.23422314
0.23712675
0.23822321
0.2341741
0.2331164
0.23718345
0.2393692
0.23396587
0.23543708
0.2375197
0.2377248
0.23767549
0.23352228
0.23502666
0.23595534
0.23678082
0.24150534
0.23704933
0.23639916
0.23890454
0.2309755
0.2369846
0.23710395
0.237402
0.23363876
0.23972066
0.238246
0.2375037
0.2356405
0.23131984
0.23520805
0.23108481
0.23372486
0.2339075
0.23384634
0.2343927
0.23734832
0.23284204
0.23225324
0.23459767
0.23405112
0.23245922
0.23382154
0.23380612
0.23630251
0.23497917
0.23083283
0.23715943
0.2342407
0.2310748
0.23289883
0.23952463
0.23992547
0.23601314
0.23523146
0.23521075
0.2348824
0.23100127
0.23833756
0.23191604
0.23268321
0.2352595
0.23592536
0.23569374
0.24445365
0.23858166
0.23422395
0.23212753
0.24183792
0.244412
0.24351132
0.2323633
0.23551132
0.23452
0.23041475
0.23904197
0.23824205
0.23561527
0.2345201
0.23889618
0.23967388
0.24235967
0.23764767
0.23923545
0.24601687
0.23450978
0.2386103
0.24457541
0.2381085
0.23677643
0.2351821
0.23430584
0.23415451
0.23380451
0.23738982
0.23577325
0.24046506
0.2370793
0.24551387
0.23705295
0.24290262
0.23553471
0.23048274
0.2330009
0.22669226
0.23378913
0.233547
0.23054451
0.23318346
0.23625089
0.23295097
0.23145139
0.2380898
0.2412819
0.24186046
0.23331615
0.2332111
0.23472856
0.23627992
0.23444057
0.23275506
0.23612227
0.2376517
0.23423384
0.2358585
0.23807298
0.23098795
0.23483159
0.22754197
0.23417841
0.23289783
0.24069569
0.23067592
0.24316376
0.23949422
0.23555155
0.23756878
0.23802589
0.23084903
0.23229842
0.23601237
0.23192616
0.23719355
0.24192333
0.23247243
0.23584907
0.23732834
0.23571283
0.2324692
0.23324579
0.23919244
0.23204954
0.23373237
0.23524047
0.23184778
0.2377567
0.23725355
0.24237359
0.23670083
0.23477246
0.23525676
0.23287885
0.2349762
0.23426972
0.23357473
0.23159789
0.23767012
0.23457001
0.23479638
0.24627876
0.23486656
0.23918077
0.23378836
0.23698686
0.23331209
0.23749503
0.2370659
0.24128062
0.23252364
0.23531117
0.23479728
0.23238643
0.23045242
0.23530318
0.23566924
0.2346256
0.23857403
0.23900612
0.23344417
0.23359583
0.23314372
0.23619953
0.2338991
0.23653159
0.2346747
0.23467943
0.23274586
0.23030986
0.22987813
0.23782888
0.23824696
0.2293146
0.23085618
0.23321292
0.23329972
0.23527348
0.2330333
0.233678
0.23138699
0.22951968
0.23523076
0.2364529
0.23744519
0.23690982
0.23428467
0.23764186
0.23751944
0.23843952
0.23799211
0.23608582
0.23462021
0.23264305
0.23977837
0.22877397
0.23371728
0.23206684
0.23680471
0.23571707
0.2313019
0.23736171
0.23498362
0.23405692
0.2373536
0.23962858
0.23627858
0.2311255
0.2298287
0.23320675
0.24096654
0.23450358
0.23757729
0.24529308
0.23416036
0.23255292
0.23511037
0.24685854
0.24003214
0.23814504
0.23534952
0.23764357
