0.75880754
0.6759074
0.6116389
0.5876263
0.5803333
0.58887583
0.59774864
0.54849774
0.5511189
0.5259506
0.6438516
0.5330234
0.5085393
0.50957614
0.5898492
0.51945025
0.5054103
0.55772704
0.47320527
0.5518872
0.4641058
0.48725554
0.46214592
0.45577344
0.4610444
0.47408727
0.44847366
0.43686053
0.46009964
0.48110375
0.45796466
0.44517085
0.42879462
0.43386585
0.4575025
0.4242303
0.44459453
0.43320456
0.41149023
0.4702564
0.4527947
0.43396896
0.46279687
0.46127293
0.42267808
0.404173
0.42343295
0.4168456
0.41879654
0.41301626
0.47427812
0.42063612
0.4729839
0.48450658
0.4122362
0.39029709
0.4261238
0.42746934
0.39688075
0.393747
0.39950696
0.44982374
0.42027095
0.38013685
0.44233403
0.36550337
0.38447946
0.35801315
0.36512938
0.40964204
0.36977375
0.46875092
0.37869725
0.38928398
0.35582086
0.34397763
0.4021824
0.37905037
0.38129985
0.34782073
0.35591692
0.37952146
0.35115936
0.35810935
0.3529433
0.33790395
0.37408787
0.3289683
0.36262995
0.38134453
0.3349695
0.3323942
0.32906184
0.32521465
0.32724282
0.34167337
0.3350486
0.3677014
0.34760326
0.3515963
0.32806477
0.3520383
0.3239924
0.338777
0.31985387
0.32521167
0.3254522
0.3137347
0.33253542
0.32474926
0.31284964
0.4211804
0.31641605
0.3020084
0.30974522
0.31774074
0.32076392
0.3386576
0.3128993
0.30532256
0.30763623
0.3276476
0.30259177
0.31230667
0.3205783
0.31122813
0.3066266
0.34373057
0.35025108
0.29886085
0.29510534
0.30091023
0.307438
0.3231163
0.3234931
0.2916274
0.3011337
0.29448423
0.2990634
0.30696562
0.2841643
0.29511854
0.31051874
0.29716265
0.2955268
0.2934591
0.30236712
0.29982293
0.29643264
0.28560707
0.28050625
0.29308406
0.28512642
0.28068787
0.27763647
0.2823544
0.28957975
0.2827028
0.34687915
0.28483787
0.28528148
0.27747327
0.28367284
0.2965756
0.29358682
0.31230038
0.28448838
0.28424075
0.2827752
0.28138888
0.28075287
0.2845623
0.2733597
0.27761403
0.32944047
0.30583277
0.2834944
0.28527758
0.2980462
0.2868259
0.26861882
0.27484542
0.27437893
0.27997097
0.27288285
0.27154362
0.28874
0.26738873
0.2756874
0.2844707
0.27608493
0.26885274
0.2717727
0.26564696
0.26431796
0.27557614
0.27049875
0.2943277
0.26689747
0.2716837
0.29052314
0.27438995
0.27005723
0.2720199
0.2753011
0.2605531
0.25937265
0.2718692
0.25756174
0.28912967
0.27027503
0.25438467
0.25768617
0.2632121
0.25818887
0.2549059
0.2616151
0.26306757
0.28128603
0.25241786
0.26259214
0.26349756
0.25725397
0.25959328
0.25872943
0.2588858
0.2573171
0.26216945
0.2584873
0.28256154
0.25399268
0.2605872
0.24734703
0.25574806
0.26032305
0.2591578
0.25124598
0.2624415
0.2635427
0.27129906
0.25263613
0.25266019
0.2611062
0.26078403
0.2600462
0.24534325
0.25824156
0.253349
0.26853454
0.24958459
0.24609198
0.2450027
0.24876112
0.26295024
0.249762
0.26061243
0.25181344
0.26013458
0.26251835
0.26135704
0.25042498
0.2528158
0.25287828
0.2541686
0.25309882
0.24875215
0.25336993
0.25184435
0.25390574
0.26003614
0.29063517
0.26138982
0.2615194
0.25686315
0.2547883
0.26921415
0.26145387
0.2569739
0.25873038
0.25030923
0.24714819
0.24980198
0.24843705
0.2626221
0.24240887
0.24994957
0.25401083
0.2426853
0.24814779
0.24623308
0.25857636
0.25917536
0.27789056
0.25570804
0.2493222
0.24552451
0.25692108
0.25108194
0.24810514
0.25176182
0.24515332
0.25941578
0.2453316
0.2448494
0.25371134
0.24757026
0.2492667
0.25682217
0.25700235
0.25720677
0.25770012
0.25492567
0.2538117
0.24044257
0.24657108
0.24831541
0.24809003
0.2634595
0.24012162
0.2575455
0.24680255
0.25147787
0.25548807
0.25525627
0.25048712
0.25086457
0.26200068
0.2585046
0.2539789
0.24583901
0.26849976
0.24513611
0.24555683
0.25237387
0.2390124
0.24498658
0.25424424
0.2527196
0.24485564
0.24369879
0.2507422
0.24370137
0.2445306
0.2390762
0.2378557
0.24244225
0.24484216
0.24588247
0.2501424
0.24092162
0.24545565
0.24527888
0.26715395
0.24640617
0.24757382
0.2461182
0.23719656
0.2510108
0.25792065
0.2525789
0.2466545
0.2505492
0.24724112
0.24568598
0.2531464
0.24813081
0.2558136
0.2556494
0.26046017
0.2421323
0.24553265
0.24832432
0.24682032
0.24232648
0.24747486
0.24446498
0.2496962
0.25478768
0.24613637
0.24163537
0.26174384
0.25334945
0.25902835
0.24366662
0.24142018
0.26320297
0.24176627
0.252429
0.25566047
0.23901652
0.25279686
0.24818024
0.25038925
0.24074912
0.23767576
0.24818847
0.24550919
0.23855
0.2531246
0.2401954
0.25019634
0.24502096
0.24828053
0.24270655
0.24895062
0.23659252
0.24483417
0.24602197
0.24372347
0.241913
0.24326688
0.2346783
0.2484878
0.24140681
0.24393818
0.23419817
0.23603061
0.24080451
0.25027755
0.24259815
0.23892091
0.2439504
0.23495024
0.23788047
0.2527235
0.24094309
0.23965862
0.24411339
0.23558618
0.23973885
0.23778836
0.24642532
0.24060929
0.23997636
0.23989268
0.2409363
0.23522213
0.23364991
0.23979434
0.24011457
0.24919991
0.24934939
0.24448942
0.2384846
0.2544903
0.24447045
0.2346466
0.24440382
0.23823711
0.24291344
0.24203807
0.24079427
0.24453747
0.23796459
0.2346873
0.2509663
0.24019583
0.2377224
0.23634242
0.2346429
0.23253861
0.24101137
0.23423003
0.23495714
0.24792306
0.24029408
0.2400986
0.25067922
0.23823997
0.24471347
0.24037789
0.24445258
0.22977586
0.23137474
0.23055609
0.2380985
0.2388264
0.23577613
0.24528962
0.23990941
0.23780933
0.24532902
0.24390684
0.24571326
0.24193764
0.24932301
0.23245522
0.23795344
0.24091151
0.23212478
0.23846571
0.2534431
0.24057668
0.23671387
0.2308498
0.23889439
0.23888257
0.23397182
0.23586181
0.23280872
0.23306237
0.2409536
0.23223543
0.24354011
0.24231821
0.23852432
0.2371876
0.23962869
0.23184484
0.24213049
0.23806646
0.24285486
0.24325904
0.2534089
0.23553523
0.23141459
0.23181726
0.23503467
0.23412454
0.24543148
0.24541587
0.23834622
0.23622167
0.24630071
0.23554812
0.23508973
0.23699522
0.2381237
0.23417756
0.23534244
0.23306558
0.2317621
0.23854578
0.23969185
0.22881892
0.23235977
0.23358035
0.24199013
0.24071325
0.23765822
0.2417655
0.24459997
0.2407832
0.24377002
0.23936109
0.24037825
0.24917558
0.23256536
0.23782095
0.24888639
0.23175253
0.23432331
0.2318093
0.2376499
0.24434689
0.24060686
0.23422095
0.23252761
0.23381813
0.23240793
0.25172535
0.23427965
0.2302417
0.24385116
0.2341133
0.24414934
0.23432477
0.23435844
0.23254678
0.23330228
0.23625512
0.22787555
0.24156733
0.24165834
0.23929863
0.22899899
0.23280685
0.23646
0.24099605
0.23637567
0.23606722
0.23364338
0.23837486
0.2372965
0.23253347
0.24071293
0.23747836
0.24404497
0.23939237
0.23757409
0.23871933
0.23962536
0.23298533
0.23320583
0.23563081
0.23893702
0.24196842
0.2339695
0.23826267
0.24657957
0.22960989
0.230583
0.22878426
0.23076843
0.2379732
0.23055169
0.24053611
0.23702928
0.23842011
0.2283951
0.23159157
0.22812243
0.23032986
0.23000725
0.22747639
0.22935554
0.23583058
0.23485976
0.2328854
0.2337915
0.23014776
0.24274516
0.23414466
0.23280519
0.22909728
0.22996014
0.23961894
0.23331966
0.23250985
0.23448993
0.23702982
0.23223405
0.23729822
0.23597872
0.24296439
0.24662511
0.22791646
0.24053805
0.23455638
0.23896739
0.23916721
0.2400403
0.22763449
0.24056199
0.23268698
0.23617406
0.2283657
0.24152347
0.24059321
0.23568882
0.23000857
0.22677882
0.23437883
0.23430073
0.24255669
0.2370074
0.2337665
0.24304438
0.24087992
0.24018046
0.23961858
0.2429806
0.23048507
0.23389018
0.2354337
0.23994651
0.23801576
0.2293489
0.23353133
0.22764425
0.23407489
0.23089361
0.22622184
0.23364258
0.23144284
0.23359273
0.22602741
0.2319179
0.23481406
0.23434049
0.23134103
0.22903399
0.23138851
0.23558027
0.2242929
0.22726138
0.23979752
0.24977918
0.23789029
0.22999114
0.24133134
0.23511715
0.23247266
0.22510909
0.2308807
0.22853935
0.23376954
0.23076865
0.2381743
0.24172898
0.23305134
0.23141699
0.23283222
0.23159385
0.23491685
0.23453519
0.23733477
0.22872974
0.24164252
0.22779119
0.23902373
0.22742471
0.2341171
0.22922017
0.23438334
0.22477664
0.23381527
0.2357059
0.23008297
0.2263874
0.22693431
0.23460972
0.23049207
0.22940184
0.23138162
0.22843008
0.23429413
0.23808236
0.23448564
0.22665498
0.22773385
0.22303274
0.22931826
0.23304226
0.24064916
0.23169681
0.23615873
0.2334115
0.23442274
0.24184482
0.23280028
0.22779788
0.23335294
0.2334149
0.24204323
0.2346378
0.23570707
0.2249743
0.23742422
0.22689885
0.23232801
0.23354933
0.22532915
0.23307088
0.22582002
0.23299298
0.22976178
0.22175142
0.21929075
0.2335974
0.22750501
0.23164359
0.22848557
0.23001248
0.2367006
0.22850467
0.23113364
0.23483455
0.23630476
0.23047362
0.23078376
0.22802672
0.23254782
0.2336016
0.22755033
0.23385243
0.22790527
0.22100468
0.23256557
0.2329998
0.23090476
0.23197919
0.23566166
0.2344495
0.23312826
0.23212308
0.23277767
0.22800927
0.22579534
0.22888775
0.23125076
0.2281939
0.23059754
0.2279974
0.23609258
0.23162366
0.22410505
0.22067146
0.22591978
0.2313743
0.2329742
0.23589373
0.2316762
0.22804642
0.23630059
0.23397721
0.23990205
0.22636873
0.23071875
0.23454061
0.23167977
0.2409636
0.23229848
0.22986603
0.22863711
0.23009479
0.23613884
0.2332365
0.23679514
0.22716743
0.22606814
0.23262617
0.22608942
0.22365865
0.22263613
0.22806008
0.2253066
0.23057503
0.23075213
0.23439145
0.2374776
0.23368013
0.23553038
0.22818036
0.22805248
0.23025328
0.24295816
0.23710659
0.2287186
0.22919118
0.22546546
0.23215157
0.23790649
0.24314854
0.2287866
0.22916298
0.234534
0.23437572
0.23135033
0.23183148
0.22188523
0.22065808
0.22980924
0.22728105
0.22655232
0.23085165
0.22977994
0.22986414
0.23301055
0.23846292
0.23078433
0.23463745
0.23962688
0.22883677
0.22687091
0.2363649
0.22334844
0.22369201
0.22691001
0.22413556
0.22308813
0.23327146
0.22976246
0.23206039
0.23149247
0.22673276
0.23158906
0.2336198
0.22751644
0.23105225
0.23508915
0.23257962
0.22842714
0.22156364
0.22488695
0.23498486
0.23115508
0.22457868
0.22966065
0.22813508
0.22779848
0.23371273
0.2445713
0.23636806
0.23054844
0.229555
0.2373579
0.22914247
0.23454165
0.23900218
0.23751643
0.2255022
0.23303244
0.23854385
0.2403045
0.22949749
0.23438333
0.23722525
0.23872028
0.23268574
0.2354365
0.23685208
0.23371959
0.24172044
0.23300529
0.23523803
0.23201859
0.23342693
0.23158297
0.2309735
0.23293859
0.22806485
0.22650878
0.22956623
0.23033386
0.23600675
0.23267812
0.23117715
0.23618661
0.22754419
0.23528329
0.22306383
0.23054525
0.22408526
0.22764544
0.22542496
0.22901337
0.22725174
0.23575439
0.2317304
0.23202968
0.23405774
0.22250733
0.22737473
0.22411984
0.22825064
0.23297325
0.22962324
0.23339456
0.2243599
0.23368277
0.23585318
0.23277916
0.23398486
0.23084699
0.22870192
0.2319168
0.23420873
0.23875082
0.237434
0.22949506
0.22507505
0.22294821
0.22475941
0.22408377
0.22710083
0.23342717
0.23567814
0.23027499
0.23116177
0.22986777
0.23012967
0.23360005
0.22644903
0.22726834
0.22440104
0.2321612
0.23111652
0.23544604
0.23316093
0.23819438
0.22899345
0.22718075
0.22391073
0.23038386
0.22505683
0.23427072
0.22500965
0.2238218
0.22571892
0.2246875
0.22598831
0.23323792
0.23076862
0.2315263
0.22504197
0.22750328
0.23267473
0.23569514
0.23337962
0.22456326
0.22431248
0.22732614
0.22916123
0.22574802
0.23285191
0.23459539
0.22758421
0.22576034
0.24313776
0.22642383
0.22468768
0.22884303
0.2255488
0.22858313
0.22956066
0.22929089
0.22753741
0.22935693
0.23283684
0.22988336
0.23054095
0.23302792
0.23133709
0.23323274
0.2297611
0.23256369
0.22610518
0.22861437
0.22713268
0.22772214
0.22798996
0.23371555
0.22457436
0.23096928
0.22694825
0.23224631
0.2296539
0.23345286
0.23233263
0.23071302
0.22809753
0.23162341
0.23027112
0.23322825
0.23317273
0.23845401
0.23261799
0.23076014
0.23153065
0.22935379
0.2294746
0.23078421
0.2282088
0.22808309
0.23041205
0.22455232
0.22410376
0.22505215
0.22783248
0.23076856
0.22992906
0.22840261
0.22659653
0.23020406
0.22613525
0.22509666
0.21947567
0.21815142
0.22131619
0.22051795
0.22510348
0.22997175
0.2321449
0.22715163
0.22000046
0.22301288
0.22964637
0.22721696
0.22793163
0.22578612
0.22677667
0.23467138
0.22830963
0.2283524
0.23123504
0.22515051
0.23280624
0.22870798
0.22898489
0.22856498
0.22169521
0.22410199
0.22414118
0.222823
0.22723153
0.22501342
0.22162364
0.22458841
0.22861588
0.23352836
0.22502695
0.2280926
0.21816276
0.2315594
0.22669165
0.22438104
0.22910123
0.22282076
0.23126508
0.22209784
0.23148991
0.23131526
0.22839418
0.22340953
0.2287835
0.22850314
0.22885658
0.21996427
0.2174232
0.22512399
0.23178177
0.22245735
0.22256614
0.22700721
0.22728932
0.23033759
0.23188683
0.22721396
0.23119715
0.23017593
0.23201533
0.23282857
0.23348428
0.22963393
0.23102956
0.22959045
0.23109068
0.23129617
0.23261148
0.2254065
0.22575486
0.2238522
0.22993778
0.22679181
0.22867393
0.2344424
0.2300274
0.22450425
0.23041219
0.23072216
0.23683679
0.24172622
0.23237903
0.22629929
0.22187395
0.2308366
0.22636096
0.22938804
0.23100676
0.22955737
0.22454602
0.22714779
0.22525641
0.23404896
0.23283182
0.2286672
0.23297834
0.2319714
0.22437513
0.22841722
0.22980756
0.23387498
0.22251481
0.22727598
0.22603023
0.22199096
0.22884688
0.22091234
0.2215184
0.22212815
0.2204179
0.22400601
0.22914052
0.23189823
0.22503586
0.22577333
0.21499978
0.2230975
0.22291659
0.22310635
0.22052726
0.2226696
0.22974503
0.22791252
0.22421858
0.22880827
0.23264202
0.23118643
0.22816452
0.22187515
0.21973436
0.22050911
0.21892133
0.22406852
0.21810459
0.22171569
0.22236545
0.22396834
0.2214277
0.22005637
0.22066195
0.22192343
0.22941828
0.23289354
0.22959013
0.2297919
0.22610772
0.22192997
0.22416615
0.22267275
0.22404283
0.22168437
0.22007246
0.22028807
0.22351687
0.22257952
0.22835827
0.22684637
0.22300716
0.23656116
0.22760186
0.23137842
0.22675963
0.2214075
0.22466478
0.22343421
0.22130767
0.22287883
0.22927795
0.2237539
0.22634536
0.22801127
0.22812565
0.23406905
0.23304676
0.22416674
0.22585657
0.22906566
0.22228867
0.22232881
0.23114215
0.22693795
0.23649663
0.2324482
0.2399209
0.23324643
0.23106304
0.22463572
0.22988567
0.23026603
0.22829391
0.23294856
0.23109977
0.23541847
0.23291455
0.22989993
0.22987004
0.23210357
0.23582241
0.23001102
0.242252
0.23172943
0.23427658
0.22812007
0.22932635
0.22882988
0.23043734
0.22648342
0.23001188
0.2272282
0.23110303
0.23097563
0.22595955
0.22542234
0.22738357
0.23048298
0.2291877
0.22801712
0.22405563
0.22857945
0.22555679
0.22560757
0.22579667
0.22393459
0.22926529
0.22775574
0.22517125
0.22737506
0.22919549
0.23364118
0.23705335
0.23373525
0.23175612
0.23407781
0.22836532
0.23015691
0.22498053
0.22567363
0.22657867
0.22211324
0.22393104
0.22641578
0.22063069
0.22630772
0.21937354
0.22014323
0.22054718
0.22169591
0.22342886
0.21925153
0.21850127
0.22271405
0.22613378
0.23080051
0.22751665
0.22960372
0.23567775
0.22849098
0.22657625
0.22775628
0.22521067
0.22807808
0.22677371
0.22634318
0.2233924
0.22737546
0.22251466
0.21975473
0.22227633
0.23460105
0.22508572
0.23209672
0.22769238
0.22642478
0.22713704
0.23204418
0.23003864
0.22829552
0.22980767
0.23342179
0.22449766
0.22414568
0.22723246
0.22620165
0.22679248
0.22593255
0.225655
0.22661741
0.22786848
0.23634936
0.2275611
0.23299901
0.22590849
0.22728153
0.23076086
0.22601913
0.2283693
0.23278253
0.23037724
0.22819422
0.22830443
0.22982761
0.23138076
0.23285465
0.23529774
0.22950736
0.2342962
0.22457941
0.2287992
0.22854456
0.22749797
0.23111063
0.22865273
0.22858462
0.23192622
0.22960567
0.2306325
0.22735159
0.23563398
0.2283769
0.22535849
0.22770903
0.22717057
0.22795576
0.22604467
0.22553389
0.22473273
0.22671379
0.22943507
0.22585389
0.22735068
0.22811213
0.22654311
0.22158189
0.2273417
0.23135842
0.22793926
0.23704727
0.23246573
0.23115699
0.23046446
0.2279434
0.2312392
0.23563361
0.2302602
0.22488546
0.22958823
0.23632854
0.23404773
0.22924061
0.22852571
0.2289539
0.22634445
0.22715433
0.22718133
0.23092124
0.22481212
0.2271243
0.22736618
0.23181951
0.2331549
0.23119026
0.23923643
0.22991209
0.23094554
0.22930297
0.22799397
0.22879042
0.22523488
0.22597907
0.22857869
0.22827029
0.22698016
0.22802138
0.22370893
0.22892275
0.23190409
0.22721814
0.22773801
0.22378442
0.23014349
0.2291409
0.2270365
0.22259858
0.23450008
0.234132
0.22947027
0.23065205
0.23127316
0.22963946
0.23552687
0.22738273
0.23136441
0.2368526
0.23799542
0.23255627
0.23429756
0.23738122
0.23649321
0.23865147
0.2282084
0.23382366
0.23909447
0.23317623
0.22852157
0.2276567
0.2350595
0.23143137
0.22751094
0.22616152
0.22739418
0.22240648
0.23464024
0.22703415
0.22948132
0.2278691
0.22782332
0.22822326
0.23197253
0.2331769
0.22727178
0.2352108
0.22880414
0.2258185
0.22817846
0.22989234
0.22971827
0.22928628
0.2302926
0.23489323
0.23227803
0.22925416
0.22632967
0.22409514
0.22831102
0.22991203
0.23055498
0.22753674
0.22977294
0.22497793
0.2359586
0.22253732
0.22496073
0.22666977
0.2277911
0.22952531
0.22174054
0.22743
0.22595146
0.22650377
0.23533294
0.22790444
0.23037004
0.23673658
0.22828843
0.2330127
0.22625959
0.23657504
0.22799137
0.23350239
0.2372654
0.22780798
0.22976185
0.22398947
0.22517881
0.2274905
0.22683658
0.23854184
0.23211496
0.23214743
0.22495912
0.23276499
0.22558306
0.2307544
0.22878377
0.22568071
0.22979075
0.23053934
0.22235252
0.22676964
0.22991432
0.22447436
0.22242063
0.22258504
0.22169425
0.22601984
0.22637334
0.22478786
0.22235848
0.2288915
0.22984283
0.22770503
0.2282165
0.23434237
0.22883673
0.22535047
0.22506036
0.22915843
0.23085321
0.2322791
0.22782509
0.22451031
0.2291069
0.2305167
0.22814104
0.22796768
0.23703057
0.23763672
0.229017
0.23731151
0.23237027
0.23748992
0.23706844
0.23654756
0.23525123
0.23567244
0.23788433
0.23420462
0.23095253
0.23396046
0.23036696
0.23509872
0.23378724
0.24082842
0.23408693
0.23299766
0.23540604
0.23723419
0.23262271
0.23168
0.22672729
0.23109542
0.23763368
0.22120792
0.21909946
0.22737375
0.23065063
0.22411318
0.23183481
0.23147489
0.23730245
0.23131777
0.2290093
0.22962259
0.22687608
0.22305223
0.22267729
0.22674409
0.22910376
0.22417282
0.22283457
0.23304927
0.2311381
0.2347952
0.22625804
0.22574489
0.22347316
0.22674723
0.2250102
0.22490342
0.23108208
0.2256397
0.22618839
0.22141045
0.22617121
0.2223437
0.22489081
0.22306514
0.22708757
0.22982144
0.22517128
0.22727586
0.22912359
0.23188005
0.22820066
0.23047517
0.22975276
0.22560804
0.22846034
0.22759563
0.23127444
0.22745539
0.2265627
0.22826624
0.22782105
0.22545424
0.22433117
0.23006016
0.22951128
0.22669189
0.2315365
0.22886388
0.2276566
0.22836661
0.22791088
0.22774974
0.22441895
0.22840466
0.22545795
0.23585011
0.2323313
0.22592446
0.23213516
0.2294153
0.23124915
0.22925012
0.22559945
0.22605298
0.2315229
0.23156655
0.23020588
0.23180133
0.22187443
0.2292085
0.22771874
0.23224646
0.22882652
0.23491448
0.22339241
0.2254119
0.2310255
0.2359894
0.2280476
0.23243944
0.22811647
0.2252435
0.22309412
0.23069866
0.22764638
0.22727096
0.22865513
0.22424418
0.22765622
0.22147514
0.2242236
0.22425759
0.2263959
0.22514915
0.23056997
0.23077263
0.22178616
0.22991093
0.22361156
0.2278158
0.22058658
0.22125082
0.22841936
0.22476758
0.22536169
0.23474143
0.22629341
0.2283715
0.22635521
0.2324905
0.2300824
0.22410052
0.22612923
0.23308522
0.23407538
0.23300934
0.23132016
0.23058663
0.22780368
0.22873971
0.22832628
0.22537744
0.2313707
0.23249744
0.22819737
0.22609216
0.22106452
0.22862488
0.21919651
0.21966709
0.22500667
0.22169916
0.22914515
0.23145822
0.22672947
0.22729647
0.23423712
0.22786523
0.22859927
0.23142517
0.23200314
0.22730453
0.2367465
0.22910528
0.23214523
0.22617419
0.22645079
0.2286254
0.22227804
0.22801425
0.23527713
0.22722265
0.22583751
0.23217936
0.22450206
0.22818156
0.23476401
0.2295936
0.22645886
0.22434834
0.23118934
0.22758329
0.23403369
0.22638768
0.2263988
0.22686864
0.2310199
0.22964405
0.22399549
0.22252254
0.23018098
0.23207763
0.23138896
0.22432123
0.22235858
0.22401093
0.22250763
0.22621045
0.22739044
0.22571538
0.22963336
0.23090951
0.219476
0.22487302
0.22755408
0.2255075
0.22895847
0.23467623
0.2345684
0.23193718
0.2306743
0.23273885
0.23282392
0.23266049
0.23791963
0.22769357
0.23159595
0.22968303
0.22710033
0.23505417
0.22603673
0.236717
0.23828155
0.23369321
0.24171749
0.2280889
0.23752034
0.23468415
0.23177896
0.23565522
0.22814466
0.23074049
0.22773482
0.22823429
0.2256881
0.22104864
0.22887501
0.22493793
0.22136082
0.23439512
0.22762527
0.22721179
0.23027557
0.23275834
0.22746988
0.23239315
0.22886059
0.23384729
0.2349817
0.23527929
0.23623836
0.23945017
0.23035578
0.23624717
0.23390642
0.23181795
0.23200528
0.22741263
0.2283373
0.23234724
0.23161359
0.22672135
0.23189099
0.23200054
0.23124272
0.22692057
0.22707003
0.23092817
0.22977155
0.23084848
0.23429915
0.22591466
0.23115283
0.23706463
0.22890668
0.22922528
0.23329303
0.24015029
0.232636
0.23268817
0.24146439
0.23053788
0.2253734
0.22680736
0.23087497
0.23133074
0.22844632
0.2273338
0.2257514
0.221936
0.23147875
0.22914743
0.22502527
0.23146908
0.23118454
0.23231223
0.22868583
0.22443122
0.22394747
0.22610927
0.22886197
0.23072295
0.22849016
0.22171488
0.2269328
0.22392602
0.2221293
0.22640683
0.22078839
0.22955386
0.22199304
0.22593856
0.23236401
0.23034175
0.22836341
0.22828786
0.2275553
0.22375657
0.22691934
0.22533414
0.2307058
0.23596297
0.2258492
0.22605835
0.2229232
0.22886555
0.2249529
0.2327173
0.22231618
0.22224145
0.22193065
0.22625916
0.22187814
0.22782525
0.2188373
0.2276663
0.23351541
0.23159872
0.23061854
0.22678848
0.22213931
0.2310636
0.22604106
0.2297102
0.2324216
0.22962908
0.22595884
0.2251633
0.23085643
0.23080422
0.2317989
0.23088688
0.23063834
0.22128886
0.22672662
0.22484657
0.22833109
0.22891866
0.23196979
0.23660018
0.23282994
0.23317035
0.2239836
0.22909059
0.23020133
0.23150903
0.22719672
0.22834562
0.22885333
0.22527196
0.22522552
0.2342476
0.22899044
0.23545551
0.2327321
0.22450015
0.22591029
0.2286144
0.22684164
0.22767545
0.22661538
0.23020247
0.2236225
0.22209011
0.22033401
0.22270429
0.22875935
0.23034541
0.22674373
0.22822297
0.22509664
0.22831902
0.22509716
0.2298548
0.22207463
0.22435647
0.22444458
0.22674233
0.22568269
0.22491917
0.22578068
0.22462422
0.22802825
0.23182504
0.22340415
