0.7147906
0.6924803
0.56015813
0.55672914
0.5202969
0.5495808
0.5063364
0.605231
0.5113658
0.48059237
0.4703379
0.4779943
0.494456
0.46895558
0.43961272
0.44344074
0.45846272
0.43625847
0.4848158
0.4659307
0.43944076
0.4361494
0.4263466
0.42838
0.44182023
0.504013
0.49708608
0.42678854
0.43922076
0.40241477
0.42958575
0.41852558
0.43309093
0.41335016
0.44417062
0.41020393
0.40774998
0.3911728
0.39890605
0.429079
0.39891186
0.389364
0.4771533
0.39348873
0.38847503
0.4032294
0.3888809
0.3762521
0.3693177
0.35854527
0.41037127
0.3792238
0.38967755
0.4745854
0.36075842
0.36889145
0.37125367
0.36869332
0.34053567
0.34909657
0.36238024
0.3536476
0.36888826
0.3331469
0.36747056
0.3532797
0.34390774
0.32806182
0.370922
0.36335436
0.34652898
0.327507
0.3630131
0.34115508
0.33139515
0.4000187
0.36330265
0.36300284
0.33968323
0.34778294
0.33562464
0.32956344
0.31844965
0.3327653
0.3343783
0.3556029
0.33349732
0.36563116
0.33019674
0.35069165
0.3552323
0.37061065
0.3186835
0.3332229
0.3453271
0.32888252
0.33089405
0.3068583
0.30328724
0.30893266
0.30897847
0.3204653
0.29327708
0.31351116
0.29774868
0.3051525
0.300925
0.29840946
0.30046007
0.29913145
0.29383728
0.3105216
0.29344246
0.29391798
0.29541573
0.2932581
0.29225856
0.29655096
0.3003171
0.28333703
0.30381832
0.29551035
0.29276437
0.28477332
0.28693953
0.2769503
0.27511978
0.2846198
0.31127816
0.29237115
0.27375352
0.2857065
0.28324252
0.27894387
0.27165532
0.29090655
0.27929294
0.28661925
0.2984783
0.28053516
0.28067204
0.27568927
0.28339332
0.2833215
0.30066812
0.2731402
0.27393425
0.26854885
0.26607114
0.275782
0.267435
0.28132775
0.26636449
0.27045813
0.26657853
0.28378198
0.27043495
0.27864707
0.27474326
0.27594247
0.2781439
0.26826265
0.27251118
0.28517672
0.2712071
0.2770086
0.27044553
0.283349
0.2608828
0.26087177
0.266599
0.29953265
0.26231077
0.27487755
0.28253043
0.278586
0.27807316
0.2622213
0.28814286
0.26403156
0.26909038
0.27300382
0.24960665
0.26859185
0.26337114
0.2656043
0.27312
0.27297828
0.26560107
0.26588392
0.2686999
0.26435986
0.28143126
0.2762925
0.27017894
0.27582642
0.27732772
0.2738215
0.27058557
0.26426086
0.2666024
0.2637273
0.27850956
0.28342822
0.2646863
0.26648048
0.26171604
0.26058123
0.2655097
0.26235053
0.26192263
0.26149622
0.2658441
0.26175854
0.2595136
0.2601402
0.27022862
0.26624924
0.27174544
0.2852609
0.26798913
0.27139366
0.25734496
0.2610496
0.25803882
0.26933303
0.25810647
0.26944077
0.2625128
0.27011067
0.25122455
0.2589089
0.25191212
0.2509247
0.25730857
0.25377357
0.26671565
0.26568905
0.2566301
0.2726803
0.261868
0.26698735
0.2591469
0.27042678
0.25671777
0.26062086
0.27415583
0.27237186
0.2644213
0.26216382
0.27382714
0.28171858
0.2604845
0.2702657
0.2650884
0.2621745
0.26356688
0.2611754
0.26174566
0.2685274
0.27033502
0.2611767
0.25730935
0.2609697
0.27255675
0.26090544
0.2754641
0.25946307
0.27157688
0.26159644
0.26490337
0.273306
0.26039222
0.2566446
0.26052403
0.26970118
0.26271048
0.26329455
0.2610839
0.2716384
0.275393
0.26210946
0.26523322
0.26639962
0.27010065
0.27346665
0.266203
0.2641699
0.26122573
0.26888028
0.25826588
0.25222984
0.25681335
0.2574694
0.25644696
0.26886132
0.25013402
0.2681196
0.25759193
0.24628446
0.25143218
0.2570265
0.2531027
0.25587267
0.2597355
0.26047906
0.25452483
0.25672692
0.28360316
0.2567245
0.26327032
0.25219378
0.2592926
0.26236024
0.26672307
0.25716326
0.26116076
0.26333466
0.2549625
0.25434574
0.26325053
0.25601912
0.27399197
0.2518308
0.25316325
0.24760155
0.25460738
0.25373384
0.25001666
0.24662448
0.2560996
0.2501178
0.2579778
0.25893697
0.25200558
0.25241122
0.24884331
0.25315946
0.25014925
0.24529548
0.2532344
0.25300664
0.25224456
0.2585599
0.25439218
0.2509261
0.24716589
0.24997796
0.24381635
0.25780132
0.25381115
0.25686014
0.2416428
0.25463074
0.25370872
0.24494144
0.2463381
0.25209966
0.24902906
0.24819131
0.2520866
0.2588905
0.255474
0.2593213
0.25160292
0.25523946
0.24096432
0.26335838
0.2448555
0.24830307
0.25006095
0.25397626
0.24414894
0.25064555
0.25582469
0.24673118
0.25251848
0.2514753
0.24645884
0.2521432
0.25748822
0.25792825
0.25114408
0.25261685
0.25292912
0.25834578
0.25290993
0.26515183
0.2523433
0.25790498
0.25688687
0.25843683
0.25571343
0.246216
0.24952315
0.25420326
0.25687513
0.2554576
0.25255442
0.25186026
0.26779228
0.25000215
0.25246754
0.24952555
0.25462323
0.25155038
0.24964587
0.2531823
0.24936403
0.25672048
0.25575212
0.24596424
0.26348653
0.25576672
0.25566688
0.2589759
0.25661135
0.25528288
0.2583739
0.25743988
0.25042164
0.2587762
0.2513515
0.25297645
0.25277945
0.25173068
0.24757193
0.2514951
0.24616866
0.24597369
0.25475937
0.24566993
0.25144345
0.2556565
0.24914858
0.25851727
0.2626673
0.25411728
0.25826633
0.25369063
0.25284916
0.2545441
0.25319612
0.2659169
0.24976727
0.25373387
0.2457122
0.25349995
0.26613152
0.2515308
0.2507926
0.261016
0.2614609
0.253872
0.24542508
0.24830599
0.25126648
0.2558358
0.25283638
0.24925412
0.24799852
0.2505538
0.2541472
0.25270924
0.24959409
0.25238782
0.24903883
0.26006836
0.25319856
0.25380707
0.25451174
0.2470098
0.2589892
0.2559794
0.25370434
0.26063764
0.25680637
0.26767942
0.257298
0.2545866
0.2615305
0.25124827
0.24881552
0.25449148
0.25397745
0.25452998
0.24972872
0.24687469
0.2532936
0.253304
0.25633198
0.24865304
0.24676397
0.24805827
0.2518385
0.24982885
0.24757166
0.25874168
0.24955271
0.2621255
0.24486776
0.24415442
0.24777076
0.24551642
0.2516895
0.24561337
0.2426825
0.25392264
0.25973186
0.25476512
0.2558674
0.24557266
0.252011
0.25175533
0.25810495
0.25739837
0.27300957
0.26091245
0.2485755
0.25143874
0.25782812
0.26236075
0.24852608
0.25512788
0.24956892
0.26284367
0.2655864
0.25466582
0.24976829
0.24986503
0.25386062
0.24598074
0.24857627
0.25755137
0.25314593
0.25410864
0.2596537
0.25552446
0.25745812
0.25121638
0.25334305
0.2528218
0.24991594
0.24625918
0.25402236
0.25138515
0.25474364
0.2472367
0.25315824
0.24768755
0.24883251
0.24858713
0.26433802
0.2514331
0.25338343
0.24817464
0.24582268
0.25674123
0.25191283
0.252946
0.24729255
0.26100475
0.24567081
0.25445923
0.25441778
0.24723725
0.2593664
0.25056773
0.26692986
0.26345095
0.2568673
0.24793427
0.25026777
0.2539347
0.25244272
0.25066262
0.24357142
0.24768223
0.2493134
0.24766563
0.24631546
0.25533664
0.24782464
0.2558184
0.2531702
0.25537264
0.24681039
0.24909696
0.24825239
0.24985959
0.25075597
0.2498087
0.25386375
0.25195402
0.2500349
0.2521597
0.25152147
0.25308764
0.25242504
0.25805625
0.25429818
0.25425223
0.25441456
0.25106835
0.25058985
0.25769645
0.2516626
0.24969952
0.24799292
0.24634317
0.253255
0.25565326
0.25505975
0.24846771
0.25063142
0.2665041
0.25534472
0.2578493
0.26001826
0.25634068
0.26402393
0.2606085
0.26413977
0.25511867
0.25316396
0.25837365
0.26232904
0.26206937
0.260368
0.2680585
0.26686385
0.2640347
0.2614666
0.2603927
0.26104957
0.2636436
0.2631337
0.26418462
0.26482326
0.25845563
0.2570998
0.26218817
0.26398167
0.26966253
0.2594138
0.2601971
0.25840148
0.25749785
0.2563513
0.27768907
0.2595482
0.25902203
0.2600302
0.2647969
0.26100215
0.25877473
0.26555052
0.26223174
0.26619458
0.2592434
0.26023832
0.2585154
0.27085415
0.26746643
0.2615408
0.26802346
0.2656496
0.2626783
0.2755631
0.27261865
0.26124725
0.2654167
0.26003942
0.2638318
0.26510304
0.25998554
0.26977643
0.26250738
0.25995344
0.26516822
0.26784638
0.27320346
0.26573607
0.26260024
0.26410544
0.26707274
0.2823179
0.26796597
0.2664375
0.26445398
0.2620548
0.2591837
0.27380282
0.2609331
0.26100785
0.26727402
0.2655664
0.2611788
0.26705903
0.2800255
0.26354158
0.26466587
0.26619902
0.26447242
0.26003903
0.2597708
0.26492804
0.26116648
0.2656212
0.25950587
0.2634489
0.25941083
0.27077973
0.26513144
0.26516575
0.26673782
0.26259753
0.26931283
0.25926334
0.2663826
0.26178128
0.26004168
0.2646106
0.2694491
0.2640718
0.26565722
0.26329568
0.27166006
0.26877624
0.27512988
0.26279938
0.26955032
0.26600987
0.2728067
0.26917112
0.26398396
0.26787788
0.26493624
0.2714737
0.26472288
0.26348817
0.27361974
0.27070433
0.27379212
0.25556642
0.2714859
0.27251342
0.2951751
0.27388126
0.26566264
0.26498482
0.2663464
0.25432777
0.26440105
0.26757905
0.26993236
0.26678085
0.27057138
0.270084
0.27289438
0.27053672
0.26853114
0.29567248
0.26506338
0.2723901
0.28297353
0.26704687
0.26474142
0.2711394
0.2651297
0.26709983
0.26762855
0.26722154
0.27213743
0.26688462
0.27501813
0.27274367
0.27016655
0.2671376
0.26548257
0.27119568
0.26855996
0.27198786
0.27323774
0.268679
0.27763417
0.27168992
0.2745726
0.27251688
0.26253235
0.27305543
0.2805956
0.27604857
0.27840853
0.27461097
0.27197868
0.26451224
0.27946112
0.2635615
0.2703731
0.28029236
0.27197313
0.26554477
0.27405939
0.270089
0.27492628
0.27562836
0.27103743
0.28532386
0.27535143
0.27425376
0.2769961
0.27288282
0.27931124
0.27528948
0.2786007
0.27002743
0.2803635
0.27208197
0.27389348
0.27651054
0.2793616
0.28308508
0.28367466
0.2744762
0.28541055
0.2840481
0.27566132
0.27776027
0.27495188
0.2726149
0.26898143
0.2743094
0.27258992
0.2736819
0.27976894
0.27264515
0.27516103
0.27190253
0.2694346
0.27497238
0.27830145
0.27832943
0.27187765
0.28361043
0.27101427
0.27251515
0.28236404
0.2672213
0.26714864
0.26920897
0.27183706
0.27393174
0.26955357
0.27043572
0.26918527
0.2760145
0.2713054
0.27440405
0.2748089
0.2710515
0.27719885
0.28158647
0.27743056
0.26600584
0.26883015
0.27061754
0.2718019
0.27217144
0.27462226
0.26720905
0.27066162
0.28502023
0.276892
0.2716737
0.275688
0.27211097
0.27052075
0.26896307
0.27867547
0.26882213
0.27196193
0.26568502
0.27027014
0.28990924
0.27195704
0.27452204
0.28097484
0.27842486
0.28167313
0.27859357
0.28333536
0.27580374
0.26983303
0.27926433
0.2833888
0.27712575
0.27567896
0.2703094
0.2714587
0.27489156
0.27550307
0.27840704
0.2766562
0.2806051
0.27445507
0.28247005
0.2782706
0.28156355
0.27187064
0.27465585
0.28568524
0.28043768
0.2788375
0.28514966
0.2881192
0.28349495
0.2814081
0.28813827
0.28067905
0.2766071
0.28403893
0.27783763
0.30160558
0.28720835
0.28064263
0.27197984
0.27485526
0.2733347
0.28076023
0.27150255
0.27574435
0.2808363
0.28729323
0.27366367
0.29010648
0.2766696
0.27736968
0.27326795
0.2747936
0.27762288
0.2808889
0.2780486
0.28058195
0.2867467
0.27223426
0.27311024
0.27813303
0.27884692
0.28368124
0.28151575
0.27848127
0.27779442
0.28845927
0.27970216
0.2832035
0.27942774
0.28708616
0.28277132
0.28068984
0.2801482
0.28039312
0.27974433
0.2913366
0.2995215
0.2841578
0.28393012
0.28302056
0.2792761
0.2820564
0.2876764
0.27928203
0.28016528
0.27702275
0.27964705
0.28888255
0.29016268
0.28044868
0.28154558
0.29416224
0.27328143
0.2835793
0.2783393
0.27173847
0.27643886
0.27842268
0.27689072
0.2909406
0.272159
0.27284077
0.28610265
0.28917208
0.2831312
0.2822437
0.29114643
0.27425894
0.28248593
0.27675214
0.27952367
0.28902215
0.27637917
0.2807248
0.28230497
0.27863425
0.27919224
0.28074554
0.28630686
0.28073624
0.2832096
0.28683645
0.2865382
0.2763451
0.2943506
0.27682233
0.27232906
0.2720796
0.2792336
0.27511486
0.27556553
0.28112313
0.28325495
0.2857807
0.28538015
0.2965875
0.28777915
0.2875403
0.2951766
0.29651573
0.29174274
0.29110938
0.29060635
0.2886344
0.28357658
0.2883555
0.28508797
0.2902506
0.29490525
0.29013792
0.2871009
0.29478157
0.28310874
0.304305
0.28109398
0.29084477
0.29056615
0.28600523
0.29129905
0.29475212
0.2842295
0.2724081
0.28282866
0.28602836
0.2851921
0.2890856
0.29092234
0.28550118
0.2898016
0.28268102
0.2761405
0.2816466
0.2839808
0.29088792
0.29334232
0.2835252
0.28255057
0.28084865
0.28376088
0.28038082
0.28101426
0.28371844
0.27653033
0.2748068
0.27717936
0.282454
0.28519428
0.28250656
0.28141174
0.28893375
0.27851743
0.28044248
0.28673556
0.27351528
0.29099146
0.2919339
0.2940307
0.2948164
0.2753001
0.27663657
0.2864774
0.28575262
0.2849474
0.2819117
0.28334787
0.28824452
0.2846575
0.2815763
0.28144577
0.28277624
0.2979748
0.28739265
0.28146976
0.28453043
0.28289136
0.28447306
0.28648913
0.29161048
0.28255066
0.291169
0.28958046
0.29085365
0.28712487
0.2955476
0.29369885
0.27912045
0.285275
0.2980612
0.2908041
0.29864118
0.29877308
0.2885443
0.28158018
0.30522072
0.2916719
0.2869908
0.29157364
0.28628555
0.28250232
0.29526246
0.28857285
0.28627533
0.2818592
0.28666833
0.275662
0.27654433
0.28483254
0.29256126
0.2828111
0.29405776
0.2875913
0.2889197
0.28496024
0.28449345
0.28480262
0.2860246
0.29130688
0.2745021
0.29233816
0.2859678
0.2867224
0.29410753
0.29630518
0.29109737
0.2827229
0.2848317
0.28263304
0.2789126
0.28233394
0.296786
0.2846016
0.2821245
0.2868099
0.27671507
0.2923797
0.28500137
0.28788754
0.2831068
0.28450367
0.28530312
0.27561894
0.2837843
0.2927594
0.28193355
0.27833402
0.282796
0.2782511
0.27735028
0.28610075
0.2852527
0.27569407
0.28623417
0.2887362
0.2879524
0.28205603
0.28732955
0.27937752
0.28663817
0.28123358
0.2903421
0.28428373
0.2862532
0.28377646
0.28585282
0.28807452
0.29340854
0.29046428
0.2795229
0.2878471
0.2847173
0.28338322
0.29298654
0.28454524
0.29242638
0.2928925
0.29479897
0.2943509
0.2862918
0.28094319
0.29579464
0.298344
0.30374688
0.28923348
0.29851165
0.29383445
0.282258
0.29417405
0.28389537
0.28898683
0.28685525
0.28967723
0.28922513
0.28892994
0.28827527
0.300346
0.2854501
0.29221427
0.28733024
0.29766583
0.29224247
0.28058887
0.28350946
0.28581867
0.29189527
0.29497978
0.29406452
0.29061705
0.29871565
0.28539068
0.28736442
0.2898864
0.28116423
0.28858513
0.2935052
0.29499984
0.28390515
0.29432
0.28984323
0.29815584
0.28822735
0.29534858
0.29382712
0.2919038
0.2896231
0.28736186
0.28299308
0.28910798
0.29486918
0.29463884
0.29120356
0.2841881
0.2886171
0.29465014
0.28411
0.28673297
0.28660306
0.2877524
0.28947833
0.28784952
0.29474676
0.28915948
0.28746828
0.29127038
0.2919317
0.2969789
0.28549278
0.2856344
0.28488877
0.29933244
0.2970338
0.28787634
0.2958485
0.28702688
0.29451218
0.28759807
0.2918218
0.28929833
0.2852961
0.28949216
0.29889902
0.29300237
0.2894317
0.28294963
0.29164848
0.2943911
0.29671973
0.295919
0.29195377
0.2992545
0.28765997
0.29498228
0.30132115
0.28656965
0.28813848
0.3020584
0.28891963
0.2983337
0.28893226
0.290707
0.29046133
0.29401532
0.28997922
0.28087693
0.285879
0.29309264
0.307382
0.30367193
0.29719982
0.29551896
0.30096412
0.29015312
0.28662756
0.28878707
0.28398517
0.2830349
0.29040372
0.3012134
0.29376101
0.291755
0.294278
0.29680675
0.28557858
0.28630954
0.28080785
0.28541404
0.28338033
0.292989
0.28250322
0.2925975
0.30084485
0.29596972
0.29013658
0.28520316
0.28814435
0.28564817
0.2878396
0.2893479
0.2929472
0.29098076
0.28691116
0.2873763
0.28660488
0.29201546
0.2876555
0.29437113
0.2815274
0.2843314
0.291178
0.288895
0.28796297
0.28922477
0.29011086
0.29019043
0.2945622
0.28853127
0.28937146
0.28481874
0.2840411
0.28000918
0.28740478
0.28595582
0.30158064
0.28646725
0.2865833
0.29260027
0.2911289
0.2932664
0.2837497
0.29877558
0.29418617
0.2892638
0.28601694
0.29720744
0.2873876
0.28729478
0.28731626
0.28780076
0.2926259
0.29103115
0.29412684
0.29444578
0.3018192
0.29468343
0.2938006
0.28741568
0.28265566
0.28662276
0.2878746
0.2851719
0.2980706
0.28375772
0.28407416
0.28662232
0.29309207
0.29255235
0.29361105
0.29978162
0.29054996
0.29894117
0.28771216
0.29504585
0.3195212
0.32681137
0.32022077
0.3194756
0.3160364
0.31345102
0.31676275
0.32833564
0.31431964
0.3188015
0.3176136
0.3219204
0.318444
0.3097183
0.31791922
0.31987125
0.30907685
0.31288722
0.3166232
0.31123316
0.3067044
0.3098445
0.30797052
0.30736443
0.30921227
0.30845428
0.3089511
0.30586836
0.3080549
0.31743687
0.3107474
0.32488063
0.3152231
0.3129202
0.31771344
0.3121557
0.3131729
0.31463295
0.30889085
0.3153271
0.31128016
0.31443766
0.30822077
0.31174067
0.3117908
0.31782213
0.30927047
0.32004085
0.31055078
0.31018728
0.31068358
0.31409281
0.315071
0.30500293
0.3084487
0.30938354
0.31740806
0.31378427
0.31464538
0.31805152
0.3224328
0.3185837
0.3178845
0.3163014
0.31422904
0.30586264
0.3148633
0.31536305
0.32058582
0.31516328
0.314071
0.3201932
0.32354665
0.3182329
0.31736147
0.31624538
0.31660065
0.3233503
0.31814465
0.31349364
0.311774
0.31689027
0.31265518
0.31485996
0.31054983
0.30941328
0.3147071
0.31660447
0.3188193
0.3111137
0.30936816
0.309444
0.3060403
0.3217612
0.32064286
0.31795186
0.31410658
0.31936756
0.31867754
0.31911394
0.30987367
0.30810076
0.31885228
0.3140631
0.3160674
0.31282118
0.31417352
0.31539282
0.30908272
0.31078154
0.31780407
0.32267177
0.31952262
0.32170358
0.3172385
0.31933457
0.3296671
0.3293541
0.3237233
0.32104096
0.3253275
0.32919186
0.32557267
0.32277963
0.3179877
0.32616547
0.32838643
0.3222723
0.3095805
0.3063247
0.32435128
0.31594843
0.31886104
0.3131779
0.33041528
0.3141766
0.31987014
0.31211853
0.32462877
0.3116562
0.31765047
0.32295254
0.3156099
0.3304212
0.3234089
0.32076088
0.32267776
0.31686562
0.323777
0.32487205
0.31923082
0.3170802
0.32164475
0.3172839
0.31355655
0.31537083
0.3185552
0.33111045
0.317895
0.31346473
0.31327486
0.31191567
0.31247893
0.31186208
0.31930456
0.31555128
0.313401
0.31953058
0.32435483
0.32189837
0.31510177
0.3202547
0.3188949
0.31925228
0.32271832
0.33116266
0.32477292
0.33042765
0.32832018
0.31531894
0.31917587
0.32230747
0.32693586
0.32124656
0.31206262
0.3189244
0.31251642
0.31897166
0.33848724
0.32250568
0.3220244
0.32617632
0.32766646
0.33014637
0.32198283
0.3233704
0.3205207
0.3209442
0.32139435
0.32678244
0.31721365
0.32124776
0.3286902
0.3264918
0.32570812
0.33125028
0.31873313
0.32924977
0.3255013
0.32633048
0.3356917
0.32972676
0.32111028
0.32449225
0.33623675
0.32978532
0.32341
0.3253256
0.31860346
0.3190055
0.32350218
0.32545796
0.31940886
0.32247368
0.32012543
0.32904026
0.32693663
0.32651696
0.3230612
0.32720026
0.3225708
0.32224286
0.32625636
0.3196894
0.3266441
0.31936368
0.32783842
0.32456836
0.31987566
0.3168235
0.32202148
0.32181373
0.31696835
0.31538963
0.31436554
0.32803616
0.32616132
0.33549395
0.31902575
0.32032675
0.31893408
0.32867026
0.32357287
0.3167361
0.317167
0.31755063
0.3292468
0.32025132
0.3231246
0.3230434
0.31336337
0.3194915
0.3174336
0.31117734
0.31565958
0.3231772
0.31632677
0.32213813
0.31669924
0.31258106
0.31348386
0.329196
0.32077283
0.3235752
0.32836854
0.3312847
0.32794276
0.32949197
0.32823482
0.3200205
0.3263864
0.31647372
0.3205
0.3159458
0.3197074
0.32233673
0.32391608
0.32239392
0.31805623
0.32035035
0.31948364
0.32033637
0.31992003
0.32358706
0.3209538
0.3207097
0.32593387
0.31656656
0.3229146
0.323541
0.3203806
0.31840628
0.31519812
0.3172964
0.32740098
0.32448688
0.3202462
0.3169134
0.31093818
0.32229596
0.32075068
0.32105473
0.32050204
0.32396778
0.33080158
0.3186515
0.32175484
0.3295001
0.31553015
0.31562653
0.31757632
0.31932944
0.32279894
0.31595802
0.3263229
0.32475278
0.31738126
0.3199292
0.31633672
0.31491002
0.32049698
0.32455412
0.32571068
0.32139948
0.31797713
0.31860125
0.3144354
0.319906
0.31849077
0.31852937
0.31544152
0.31794518
0.31967893
0.3236998
0.31284162
0.31601036
0.30942053
0.31999022
0.31368947
0.31611773
0.31466594
0.31283936
0.30976832
0.31579706
0.31528664
0.31151626
0.31677258
0.31655663
0.3158965
0.31396097
0.32073194
0.31758478
0.31284043
0.31004152
0.31769854
0.31878972
0.31391174
0.3230318
0.3099627
0.32517442
0.3231138
0.3160532
0.3155037
0.3126223
0.3124396
0.31280747
0.31191137
0.32068938
0.3188794
0.3136218
0.3210751
0.30988124
0.31312376
0.3215781
0.31218907
0.3129799
0.31281322
0.3186362
0.31837857
0.32125154
0.3161939
0.3173696
0.32411933
0.32174206
0.3185113
0.3206049
0.3155628
0.3228161
0.3171083
0.32015207
0.32395726
0.32575443
0.32179254
0.32369623
0.32827625
0.33453092
0.319
0.3197998
0.31466937
0.3193486
0.3228449
0.31610358
0.31619063
0.31606293
0.3174162
0.3154812
0.31408542
0.3146298
0.310999
0.31421527
0.31816286
0.31629252
0.31810933
0.31284797
0.3223826
0.3197905
0.31268752
0.31067297
0.3150378
0.31786627
0.3299585
0.31204122
0.32019508
0.31885853
0.32308072
0.3254315
0.32290336
0.3150708
0.32450116
0.31557065
0.3178208
0.32132995
0.3329251
0.3205546
0.31685352
0.3182256
0.31681788
0.31719035
0.31457877
0.31411493
0.31682476
0.32014954
0.32866588
0.32275394
0.3165139
0.32498747
0.31788966
0.3204669
0.32655793
0.32836527
0.3184542
0.32091007
0.31716606
0.31779212
0.3212485
0.32026044
0.31820422
0.3206331
0.32040218
0.32484868
0.32309514
0.32079723
0.31929576
0.32003015
0.32270688
0.32633495
0.32565746
0.31634706
0.3168338
0.31847408
0.3282507
0.32604566
0.32566538
0.32476562
0.32782364
0.32820922
0.32318014
0.32179078
0.3258791
0.33494425
0.326126
0.3215651
0.32532328
0.32121295
0.32854083
0.3294465
0.32840642
0.3300961
0.32235363
0.32571316
0.3228328
0.32502532
0.32478207
0.3191794
0.32173276
0.31591776
0.3168531
0.3148163
0.32969582
0.3225077
0.3197325
0.3240213
0.3212739
0.31755885
0.31904665
0.305151
0.31393844
0.29522094
0.28737673
0.29033664
0.2907816
0.28909013
0.28611937
0.28316638
0.29619107
0.28617337
0.28883958
0.2879597
0.2891397
0.28700393
0.28465796
0.29040152
0.28371057
0.28337207
0.29001674
0.29666817
0.29653114
0.29703718
0.2896944
0.2957299
0.28971314
0.28505385
0.29646298
0.28614607
0.29525608
0.2899593
0.28905892
0.28995347
0.28134525
0.28890398
0.29141536
0.3014255
0.2837354
0.28774574
0.2883232
0.2915853
0.2912168
0.2985046
0.29613504
0.31119025
0.2938438
0.29246694
0.29471797
0.28907073
0.28471208
0.29360956
0.28552762
0.28605285
0.28937927
0.291215
0.28574875
0.29559854
0.28624868
0.29105973
0.28715006
0.2948054
0.29917642
0.2870759
0.2845281
0.28690034
0.28781864
0.29155695
0.30245697
0.2996947
0.297434
0.30224246
0.29490545
0.30386582
0.2892149
0.2893518
0.29118928
