0.72624105
0.7213648
0.61200607
0.60079426
0.56046885
0.5757317
0.64296806
0.55184525
0.53405154
0.57921135
0.5292411
0.53641456
0.63729626
0.5179433
0.5945839
0.5386233
0.5133616
0.50135034
0.48791975
0.53438234
0.47652426
0.49806345
0.48602942
0.48601684
0.47538078
0.46125793
0.47043705
0.4629742
0.45690244
0.4601002
0.45999005
0.44903818
0.47199607
0.49984372
0.49481657
0.43975088
0.4730388
0.43847466
0.46782795
0.46968776
0.45172006
0.46148285
0.4429231
0.46543044
0.5023111
0.42885682
0.4221996
0.44375288
0.4448674
0.50060487
0.44938454
0.43458125
0.43128023
0.43889222
0.46927544
0.42942965
0.4099173
0.4339418
0.39382142
0.40489087
0.3928817
0.40950626
0.41010165
0.3879147
0.41079664
0.44857928
0.38227603
0.39316654
0.38330346
0.4173362
0.41436344
0.40573516
0.4003696
0.4069598
0.3862937
0.3831155
0.40015405
0.37068728
0.37627226
0.364514
0.4477911
0.3695589
0.4285688
0.3509394
0.35930398
0.38903984
0.354559
0.35264933
0.37077385
0.3705476
0.3673191
0.36822066
0.37448725
0.36141598
0.41228494
0.38407886
0.35314244
0.35877314
0.3613979
0.36487636
0.40395552
0.36188835
0.37851948
0.35935217
0.3523992
0.34054
0.38039654
0.34487084
0.34663445
0.34699866
0.33885232
0.41627753
0.37289995
0.34382576
0.33310273
0.38290998
0.34857595
0.3622801
0.34399146
0.33386165
0.3518247
0.37098473
0.3264869
0.34111375
0.32074115
0.327939
0.34431374
0.3500394
0.3525022
0.33696666
0.3388797
0.32397097
0.34319767
0.33513314
0.331584
0.3219405
0.3179461
0.32066002
0.31889832
0.33786327
0.33093002
0.32314193
0.31627402
0.314427
0.31237543
0.30552238
0.33010283
0.31241193
0.31005263
0.31750813
0.31876776
0.3285484
0.3089365
0.3266952
0.30829996
0.34561813
0.30563664
0.3126549
0.3002413
0.30992275
0.3328959
0.30188996
0.30237386
0.3086074
0.31860575
0.29844874
0.29551405
0.3009886
0.30516973
0.32017273
0.33052495
0.30383638
0.3134896
0.30520654
0.31545368
0.29522294
0.3127165
0.29159465
0.3143295
0.31239402
0.2972856
0.30077615
0.32593706
0.30079308
0.2968865
0.29908133
0.29671818
0.30603287
0.29281524
0.304532
0.2958647
0.2950908
0.29090333
0.30184993
0.32973582
0.30135575
0.31132457
0.2905426
0.2871595
0.2976721
0.34675127
0.2976991
0.28533733
0.2826375
0.3063816
0.290517
0.29521534
0.28661567
0.29782206
0.28747156
0.2892774
0.29554725
0.29449806
0.30226982
0.32991666
0.29367703
0.27736124
0.28699687
0.30053192
0.28856042
0.28703594
0.27911904
0.28755102
0.2814835
0.28582537
0.27931008
0.28558186
0.29422918
0.2914755
0.28659207
0.29446194
0.2848595
0.28388688
0.30130777
0.27443534
0.30023316
0.27148023
0.30648568
0.2911671
0.27109912
0.28056338
0.28198627
0.27767637
0.2739912
0.28443816
0.2783791
0.2822485
0.27760562
0.29484826
0.27246773
0.27936438
0.28333887
0.2786765
0.28262225
0.2711796
0.29261735
0.28584877
0.28598297
0.26925415
0.27597558
0.2664545
0.271101
0.2783219
0.28567418
0.28573278
0.2742902
0.27996075
0.27027425
0.27118525
0.2678601
0.2733247
0.280298
0.27720684
0.28643668
0.27107236
0.2805602
0.27598318
0.2711979
0.27600962
0.27220878
0.27727804
0.28244075
0.2672736
0.26244897
0.27555463
0.26858002
0.2825205
0.2690408
0.2682741
0.26967394
0.27490786
0.27403954
0.26139867
0.27403942
0.27814746
0.28175065
0.27040726
0.27030265
0.26467285
0.30486855
0.26182482
0.27406725
0.27086893
0.2608254
0.26624173
0.26647258
0.2682507
0.27406818
0.2742086
0.26200008
0.2667854
0.25713983
0.2840105
0.27709684
0.2716428
0.26495436
0.2675187
0.27247423
0.2651606
0.26764342
0.27952653
0.26345602
0.27598986
0.27381137
0.2679245
0.271566
0.26751316
0.28050756
0.2657995
0.2632844
0.2550463
0.26893368
0.264018
0.2631643
0.2674997
0.2753929
0.26264685
0.2653064
0.26624775
0.26564413
0.27055585
0.26677647
0.25700495
0.26280928
0.25536487
0.27290833
0.2581127
0.26801044
0.26902777
0.25677252
0.26776916
0.2544743
0.2690957
0.2661123
0.2610119
0.25573042
0.25218743
0.25782427
0.25927147
0.26468602
0.26056847
0.26778165
0.2744796
0.26237696
0.27756247
0.25545862
0.26143986
0.26055163
0.26784456
0.26392463
0.2558488
0.26046813
0.25887084
0.25971457
0.25584406
0.2676137
0.2692402
0.26088077
0.25507036
0.2633112
0.26752564
0.2589422
0.2568249
0.27049902
0.26585183
0.26860955
0.26983178
0.25586057
0.26916587
0.25845248
0.25566164
0.26395056
0.25971574
0.25118056
0.26801634
0.25374174
0.2568504
0.26420856
0.2773111
0.25882682
0.27800068
0.26506582
0.2610172
0.2706196
0.26423913
0.25397077
0.24943483
0.2605816
0.25645578
0.25839487
0.25619143
0.26561567
0.26035333
0.2581178
0.27100423
0.25654718
0.26114693
0.2614269
0.2549416
0.25683635
0.260335
0.25215128
0.25804406
0.25413868
0.25519118
0.25546134
0.25293037
0.25491896
0.24906416
0.25441664
0.24625312
0.2460834
0.24957307
0.26088205
0.25422838
0.25090483
0.25889468
0.24764179
0.25575674
0.2535008
0.2584882
0.24662723
0.25332832
0.25781277
0.2557318
0.25209513
0.24827379
0.25557992
0.25578833
0.24930714
0.2550914
0.2555475
0.25142705
0.25620934
0.2470847
0.25649023
0.24916226
0.26000804
0.25824812
0.24143936
0.24518427
0.24187677
0.25368536
0.25212854
0.24955817
0.24364926
0.24724182
0.25167587
0.25028825
0.25191975
0.25882864
0.25880075
0.26747453
0.24338743
0.24863698
0.25433186
0.24588622
0.2499547
0.24819054
0.24829638
0.24881774
0.2524999
0.25432283
0.2585597
0.2574845
0.24792403
0.25163162
0.25415123
0.25711736
0.25473374
0.25053087
0.2523096
0.25162885
0.2561217
0.24530143
0.24768868
0.2483344
0.25273955
0.25004566
0.25476184
0.2532819
0.25904945
0.2641883
0.24952674
0.25840876
0.24746133
0.25582442
0.24802673
0.25793672
0.24909481
0.2467182
0.24835633
0.25868544
0.2460791
0.2552192
0.2521106
0.24955231
0.24907981
0.25391576
0.24667475
0.25449598
0.2543474
0.26085305
0.24586399
0.25028998
0.25127357
0.24978176
0.24251604
0.25929132
0.24737701
0.263654
0.25895068
0.24983333
0.25508872
0.24319649
0.2563631
0.25194773
0.24708915
0.26020175
0.2579528
0.25277358
0.25394827
0.25191265
0.2550282
0.25324425
0.25803772
0.25663972
0.2545472
0.24886845
0.2565275
0.24998699
0.25294638
0.25464427
0.2732037
0.25900182
0.2519579
0.2633327
0.25395584
0.25353235
0.25715214
0.26135153
0.2555493
0.25886607
0.26240748
0.25918245
0.24860075
0.26312912
0.27574167
0.24943842
0.25315583
0.251672
0.25808975
0.25173768
0.24858353
0.26090667
0.26399916
0.25960574
0.25223902
0.25005537
0.2536562
0.25578597
0.25558597
0.25109118
0.25054604
0.25628048
0.25199777
0.25411513
0.25540665
0.24932978
0.24729982
0.25904125
0.24786173
0.2591249
0.24901605
0.25285557
0.2540288
0.24509639
0.25566146
0.25730065
0.25440922
0.24892278
0.25564036
0.25116238
0.25025582
0.24836236
0.24899296
0.25086612
0.25080773
0.25130746
0.25633633
0.2542782
0.25367185
0.2523153
0.2529528
0.2594246
0.24856423
0.24853295
0.2540787
0.25599042
0.24844879
0.24628012
0.24929032
0.24674563
0.25696367
0.2542691
0.25041428
0.25792065
0.24887249
0.25912613
0.25385854
0.2547659
0.25449532
0.24003625
0.24267772
0.24708784
0.2464751
0.25377077
0.24940678
0.2548994
0.24871044
0.24283259
0.24967505
0.24756481
0.25136617
0.2424509
0.25006697
0.25663343
0.24888274
0.25036567
0.25714952
0.24887684
0.25004014
0.25145957
0.24872075
0.24907696
0.2502417
0.2543994
0.25591817
0.24570605
0.24510741
0.2513802
0.24411252
0.24733725
0.24958332
0.2540077
0.25182343
0.2582753
0.25039837
0.2512428
0.24782279
0.25003278
0.24299644
0.24626644
0.24621248
0.24696167
0.24769697
0.25070953
0.2516972
0.24857989
0.24082439
0.2532086
0.2542892
0.27623838
0.24695802
0.24987915
0.24338713
0.2540263
0.24463747
0.24602492
0.24860586
0.24096459
0.24315983
0.24788819
0.24756746
0.2494893
0.25075543
0.25945833
0.25487506
0.2550014
0.2502767
0.25217426
0.2413048
0.24510728
0.2612598
0.25583154
0.25184372
0.25561884
0.26156846
0.25334924
0.2537233
0.2553089
0.25229803
0.25311384
0.25500044
0.24910094
0.24223974
0.25024652
0.24839148
0.24594122
0.2449784
0.2579074
0.25101763
0.25230303
0.27116576
0.25222197
0.24842311
0.25016302
0.25897908
0.24757928
0.248549
0.25787607
0.25175688
0.24813248
0.24505512
0.25433218
0.25523558
0.2562888
0.25069124
0.2513329
0.25277847
0.2531023
0.25588143
0.24585974
0.2549742
0.25094813
0.2470968
0.25107056
0.24493077
0.25749642
0.27118176
0.24930178
0.25403604
0.2469503
0.25509283
0.25337142
0.25425932
0.24905306
0.25161657
0.24898356
0.24672602
0.25170988
0.26221037
0.25239912
0.2542451
0.24863562
0.2622618
0.2519049
0.24583401
0.24511011
0.25285232
0.24545832
0.24914065
0.24747877
0.24610151
0.25161248
0.25034168
0.2502943
0.2507022
0.24797766
0.25004572
0.2520196
0.24992469
0.25088036
0.25232974
0.2524063
0.25857434
0.24611199
0.25340465
0.24597156
0.24997187
0.2525024
0.2509867
0.24942034
0.25372595
0.25575438
0.24815075
0.250237
0.250451
0.25794518
0.25104928
0.25380468
0.25430927
0.26349202
0.25144997
0.2453591
0.25480884
0.2541073
0.2500527
0.25683007
0.25189334
0.2517386
0.25203288
0.25706893
0.25103295
0.25000003
0.2469607
0.24811117
0.24995516
0.26185507
0.24465084
0.2481345
0.24618791
0.25044554
0.25360385
0.25011653
0.24694608
0.25230622
0.2554421
0.24705838
0.2466101
0.24763039
0.24681027
0.24585831
0.2555809
0.2621574
0.24776459
0.24653524
0.2475432
0.24928996
0.252376
0.24664956
0.2507314
0.2545074
0.2556425
0.25137347
0.25063697
0.25262767
0.25474173
0.25125533
0.24807571
0.24531236
0.25130808
0.2488278
0.25107402
0.26023784
0.25059327
0.25119063
0.24292235
0.24405815
0.25044703
0.24939814
0.24565557
0.24835669
0.2453448
0.24441127
0.25056553
0.24273004
0.24794966
0.24609184
0.261175
0.25689512
0.2500807
0.25052693
0.25294444
0.25095683
0.24975143
0.24996452
0.2460134
0.24719973
0.24961962
0.24873006
0.24793379
0.2492755
0.24659659
0.24700664
0.2508551
0.2630726
0.24752
0.24629162
0.24630408
0.24808629
0.2487581
0.251752
0.24961458
0.2476957
0.24902706
0.24674255
0.24275032
0.24772993
0.24547718
0.24966562
0.24914607
0.2459189
0.24565573
0.24757493
0.2493705
0.25214395
0.25071007
0.24840286
0.24077812
0.2432209
0.24650997
0.25508946
0.25200567
0.25697598
0.2509268
0.2498182
0.24754158
0.244235
0.25044665
0.2686695
0.24945717
0.24492396
0.24975772
0.24793138
0.2664491
0.25860718
0.24702573
0.2503323
0.24736513
0.25162995
0.2514388
0.24707584
0.25510725
0.2523555
0.2527148
0.2520367
0.25637573
0.25213078
0.25663197
0.2486866
0.24726193
0.25429732
0.25154006
0.25169474
0.25320324
0.2536741
0.26041874
0.25269517
0.25025454
0.255309
0.2560907
0.25506735
0.25049046
0.25632226
0.24568307
0.25229365
0.24875385
0.24637902
0.2467318
0.24723156
0.24549711
0.25064218
0.25777748
0.25418597
0.25583676
0.25596425
0.248755
0.2571087
0.25550574
0.24460502
0.25323284
0.25103158
0.24825233
0.2454668
0.24864893
0.2481081
0.2528191
0.2429103
0.24791801
0.24814752
0.25310504
0.24672772
0.24649058
0.2547123
0.24520689
0.24687615
0.24913755
0.25032744
0.25307193
0.2445375
0.24520934
0.25010502
0.26045758
0.25667676
0.25110778
0.2465449
0.24370034
0.24310963
0.24583533
0.25239804
0.24807172
0.24821039
0.25473404
0.24511315
0.25176513
0.24497254
0.24570069
0.24977915
0.24460621
0.24100469
0.23993638
0.2470969
0.24597041
0.25085747
0.25648353
0.24048686
0.24460319
0.25133678
0.2513252
0.25225523
0.2526844
0.24581791
0.2501148
0.24620476
0.24635966
0.24758995
0.24749267
0.25130194
0.2514709
0.25567263
0.26331937
0.25030872
0.24586707
0.24685419
0.24335517
0.24583091
0.24713425
0.24805321
0.24800804
0.24913152
0.2528283
0.2470097
0.25146586
0.26170683
0.25327313
0.25265378
0.2562761
0.2531381
0.2552185
0.25006434
0.25344554
0.24578644
0.24834195
0.25071713
0.25675097
0.24653232
0.24740502
0.24927248
0.24577048
0.25358775
0.25398707
0.24994163
0.2518822
0.25563422
0.24890423
0.24722828
0.25428495
0.2697126
0.24796967
0.2474517
0.24432454
0.24656424
0.24693352
0.2494785
0.25705546
0.2586825
0.2500144
0.24634483
0.25028798
0.24382263
0.24806175
0.24647486
0.24624282
0.24937445
0.2442983
0.2553098
0.24811973
0.2508622
0.2491321
0.2508415
0.2587021
0.24708156
0.24671756
0.2513103
0.25370812
0.25014454
0.24748772
0.25011075
0.24723642
0.2444922
0.24752712
0.25119802
0.25184432
0.25076175
0.24829708
0.25290498
0.250607
0.24728224
0.25065097
0.25889435
0.25992253
0.25184333
0.2525183
0.2529107
0.25167343
0.2426173
0.24818869
0.2520397
0.24374157
0.24805251
0.24268274
0.24697286
0.25108263
0.25360915
0.24390705
0.24599914
0.2448071
0.24826062
0.24100216
0.24951512
0.25217903
0.24723206
0.2469822
0.24812247
0.25311264
0.24767235
0.25401863
0.25536886
0.25564447
0.24409954
0.2460562
0.2494327
0.2532288
0.24586096
0.24708474
0.2506915
0.24909721
0.2533134
0.24872182
0.24962041
0.24442178
0.24964838
0.23966119
0.24236405
0.2408828
0.24128689
0.24254178
0.24664207
0.24211802
0.24985658
0.24666849
0.25554222
0.25026023
0.2581956
0.24772538
0.2441449
0.24856865
0.25153995
0.25534806
0.24688983
0.24553892
0.24605054
0.24646303
0.2512819
0.25526842
0.24976623
0.25062102
0.24442597
0.24937887
0.25095502
0.25131136
0.2499499
0.24814565
0.25023577
0.24415787
0.24503587
0.24491571
0.24811749
0.25071687
0.24300703
0.25527978
0.25143206
0.2554937
0.25164405
0.25037405
0.25004032
0.25503436
0.2498899
0.24717875
0.25286436
0.24672256
0.25709358
0.25039503
0.25331578
0.25506684
0.2548926
0.25281617
0.25212792
0.2522006
0.24915747
0.25730667
0.2577982
0.24677373
0.2567192
0.25271502
0.24957164
0.24856766
0.24287078
0.24860476
0.25251612
0.24863459
0.24562892
0.25468358
0.24741597
0.24766661
0.24947235
0.24852675
0.250596
0.2476631
0.25454628
0.25527295
0.2550869
0.24935953
0.25018996
0.24967058
0.2503878
0.2557889
0.2497723
0.25078565
0.25282755
0.25270283
0.2622056
0.2516384
0.25355744
0.26292616
0.24682575
0.25136983
0.24885166
0.24576269
0.247578
0.2444389
0.24525128
0.24405225
0.24887109
0.25021803
0.25487733
0.25218672
0.24947338
0.2478328
0.24768706
0.25082365
0.24764949
0.24958242
0.245838
0.24892096
0.24936807
0.25149393
0.2477011
0.25313905
0.24513492
0.24951363
0.2547399
0.24762844
0.2509092
0.2586092
0.2511231
0.24609876
0.24819838
0.2461623
0.247748
0.24783343
0.24946159
0.2484386
0.24974531
0.2469165
0.24580574
0.24605009
0.24613082
0.2445105
0.24575196
0.24706449
0.24852045
0.25109836
0.24828054
0.24873337
0.25963268
0.24665652
0.2521534
0.2529347
0.25319964
0.2517318
0.25316495
0.24718447
0.25221175
0.2476166
0.24829021
0.25002477
0.2401388
0.25002682
0.2451105
0.25334552
0.24821989
0.25312144
0.2457612
0.25072637
0.2511308
0.2465112
0.24363264
0.24635471
0.2527232
0.24773124
0.2550887
0.25339183
0.25191635
0.2509588
0.24794163
0.25360152
0.25344598
0.25535008
0.2643335
0.2528487
0.2521918
0.24769133
0.24735433
0.25333023
0.24789502
0.24999127
0.25269067
0.2532215
0.25576508
0.2609111
0.25253332
0.2543237
0.25867948
0.25302216
0.25035524
0.24929696
0.24769777
0.24813034
0.2570699
0.2529964
0.24884841
0.24903272
0.25388637
0.25729546
0.25826034
0.24763668
0.25237077
0.25294492
0.25189036
0.24526082
0.2509196
0.24608201
0.25301677
0.25038797
0.2465894
0.24350758
0.2532769
0.24818745
0.24724172
0.24794249
0.24925256
0.24560712
0.2512087
0.24658556
0.25364
0.25512633
0.25436884
0.2505487
0.26009116
0.25477105
0.25315613
0.2486296
0.2494948
0.2487299
0.24619755
0.25577772
0.24778427
0.2438573
0.24643639
0.25027207
0.2506462
0.25462514
0.25468153
0.26382768
0.2493552
0.25104454
0.25429267
0.25367188
0.25198737
0.2534041
0.25076672
0.2501248
0.25008494
0.24714752
0.24938402
0.2502435
0.25098693
0.25148836
0.25303006
0.24595793
0.24710198
0.25044775
0.25006202
0.24304652
0.24968058
0.25212294
0.25218526
0.25354454
0.24848327
0.24987072
0.2575326
0.2509803
0.25235152
0.24896167
0.24963321
0.24909154
0.2502168
0.25875032
0.24587914
0.24970928
0.25083733
0.2520506
0.2510815
0.25613692
0.24648452
0.25077143
0.2526456
0.2511471
0.25576815
0.25251883
0.2498607
0.2537076
0.25044915
0.25108102
0.2517814
0.24570534
0.24685493
0.24661581
0.2488368
0.24842077
0.24413347
0.24915996
0.24418317
0.2438716
0.24614409
0.24788792
0.24365465
0.2506052
0.24672858
0.24203613
0.24620272
0.24260673
0.24837321
0.24150169
0.24716687
0.24779955
0.2433854
0.24561255
0.24410126
0.24364907
0.24783301
0.25168592
0.25312755
0.24222195
0.24883376
0.24772789
0.25710595
0.24973004
0.2488531
0.2518069
0.2482999
0.24546622
0.24792933
0.24986672
0.24927202
0.24600641
0.24756376
0.2483647
0.24723066
0.24775513
0.24515612
0.24974918
0.24598648
0.24476647
0.24799608
0.24726051
0.24953957
0.24553455
0.24920546
0.24685419
0.24705598
0.24820727
0.24911638
0.2471348
0.24665222
0.24253404
0.24624349
0.24090356
0.2506618
0.24821836
0.24846764
0.2475521
0.24993236
0.24683322
0.24756525
0.24845308
0.25143325
0.24784224
0.24760526
0.25034803
0.24550271
0.25051177
0.25339165
0.24814224
0.24724357
0.24793735
0.25094527
0.24802159
0.24766386
0.24801019
0.24914946
0.25309765
0.24930498
0.24797067
0.25398538
0.24911956
0.251813
0.24990904
0.25132948
0.25040245
0.25668842
0.2513507
0.2501717
0.24749409
0.25026774
0.2497143
0.24780872
0.26119384
0.25113225
0.24984108
0.24948674
0.25604415
0.25168723
0.25096032
0.25033838
0.24940716
0.24726237
0.25354943
0.24781784
0.24990024
0.25435877
0.2496245
0.2503283
0.25039563
0.24865451
0.25850242
0.24749838
0.24653389
0.24663654
0.24638674
0.24535777
0.24724433
0.2510084
0.2473312
0.24468687
0.2543885
0.2548005
0.2501222
0.24869305
0.2452159
0.24529615
0.25105816
0.24873261
0.25850806
0.25755098
0.25271073
0.25706962
0.24795812
0.25061336
0.25250503
0.25647923
0.24625452
0.25141492
0.25339305
0.25703976
0.25092041
0.24950887
0.24775836
0.25007343
0.25141543
0.24687876
0.2452029
0.24804021
0.24414535
0.24700885
0.25361618
0.24861608
0.24555123
0.25182062
0.2487462
0.25352463
0.2577565
0.24585962
0.2576888
0.24850927
0.2529253
0.24814796
0.24185315
0.24919017
0.25649774
0.24861868
0.2531523
0.25440732
0.25312978
0.24958853
0.25942588
0.2480036
0.24406362
0.24324554
0.24163832
0.24443264
0.24811296
0.25153124
0.25107154
0.2547291
0.25004748
0.24673587
0.2484122
0.24254453
0.24600057
0.2512986
0.24761374
0.2506994
0.25105968
0.24782483
0.24799871
0.2504416
0.25082424
0.24312134
0.24542364
0.24543475
0.24627551
0.2500147
0.24722297
0.24983403
0.24994156
0.2518007
0.24740809
0.24883135
0.2532647
0.2509829
0.25237873
0.2502124
0.24468671
0.25360608
0.2470967
0.2443883
0.24536724
0.2571534
0.24700516
0.24931109
0.247815
0.239373
0.25039965
0.24568869
0.24977367
0.2446377
0.24669425
0.24635756
0.25137374
0.24550329
0.25549105
0.25109974
0.25323805
0.2527013
0.24938366
0.24878787
0.2617476
0.24408762
0.24780883
0.24640274
0.24598928
0.24943964
0.24994256
0.25322148
0.2498165
0.24883887
0.24894497
0.24374704
0.25374043
0.24662788
0.24375388
0.25048825
0.24840643
0.24140275
0.24649267
0.24515581
0.25076324
0.25114346
0.24554902
0.2455384
0.24511826
0.24522598
0.24494965
0.24310373
0.2421418
0.25010645
0.24564536
0.24400268
0.24598005
0.24569264
0.24728127
0.2564097
0.24571212
0.25032732
0.24757212
0.24679637
0.24469608
0.25525486
0.24879193
0.25510353
0.24858426
0.25059554
0.24751607
0.24830908
0.2467251
0.24567255
0.24564034
0.24791977
0.25918704
0.25218073
0.2517757
0.24527659
0.24904564
0.24848081
0.24780422
0.25366542
0.2550982
0.2553859
0.24874075
0.25056806
0.25088775
0.2561704
0.2443581
0.2465762
0.24514969
0.24795486
0.24890505
0.24529618
0.24415874
0.2497342
0.25155845
0.24592552
0.24866235
0.24992064
0.24609749
0.24731274
0.2460935
0.24654058
0.24831042
0.24724595
0.24923918
0.24809727
0.2455685
0.24922308
0.24569546
0.24545209
0.25140873
0.24741915
0.24724539
0.24555159
0.25185865
0.25289515
0.24685137
0.2567574
0.2548222
0.24813822
0.2507474
0.24706575
0.25266546
0.25112465
0.25134897
0.25361946
0.24845622
0.24861532
0.24886023
0.2477803
0.2487388
0.24846014
0.25116825
0.2509464
0.25259712
0.24784537
0.2519894
0.24640013
0.24906762
0.25375465
0.2509688
0.25145575
0.25165185
0.24907464
0.24917258
0.25078928
0.24791695
0.24842519
0.25327134
0.2513991
0.25420606
0.25255173
0.2512543
0.25410265
0.25794768
0.24936754
0.24388681
0.25191417
0.24955758
0.24830069
0.2502574
0.25077656
0.24667612
0.24735744
0.2456415
0.24809109
0.24559613
0.24460919
0.24482754
0.25070035
0.2482717
0.25318283
0.24456713
0.24573377
0.24950857
0.24995174
0.2512855
0.25797892
0.2538932
0.24939908
0.2515226
0.2530518
0.2641993
0.2587681
0.24653907
0.2514826
0.25168964
0.25236204
0.25620276
0.25567606
0.25560117
0.24417934
0.24490038
0.25076345
0.25229523
0.251163
0.2518724
0.24685772
0.24888714
0.24466646
0.24960066
0.24877125
0.24791344
0.24722573
0.2506294
0.24715751
0.24494427
0.25470182
0.25309977
0.2521714
0.24774092
0.24940585
0.25071463
0.24853748
0.24751645
0.2482075
0.24531898
0.24501048
0.2511038
0.24607043
0.24640469
0.2459887
0.24758236
0.23923166
0.24353474
0.24104287
0.24469025
0.2389145
0.24956645
0.24457379
0.24675077
0.24606748
0.24281009
0.24883232
0.24989189
0.25503215
0.24759401
0.24602091
0.24607007
0.24938165
0.24292177
0.24887931
0.24957223
0.25200227
0.25180438
0.24730334
0.25435695
0.2541692
0.24967803
0.25099736
0.24563147
0.24769977
0.25328606
0.25041085
0.24836463
0.2495989
0.24995711
0.24912238
0.25808346
0.25913942
0.2576047
0.25668108
0.24865553
0.25100863
0.24846613
0.2541577
0.25257495
0.25278226
0.24666911
0.24565484
0.25134653
0.24960694
0.24593742
0.24566369
0.25060552
0.24910265
0.24458818
0.24804172
0.24933259
0.2516741
0.25313917
0.25320518
0.2520679
0.24689879
0.2518914
0.25207967
0.2504627
0.25029007
0.24989569
0.24552979
0.24936992
0.2473086
0.24877396
0.24435015
0.24644756
0.24881704
0.24503425
0.2505823
0.2521976
0.25490218
0.25435165
0.25269148
0.25161812
0.2457292
0.25616756
0.25834998
0.24665801
0.24582364
0.2502496
0.25058016
0.25196084
0.25108966
0.25100473
0.25009322
0.24822783
0.26019663
0.25220436
0.2506867
0.25223723
0.25157696
0.25638983
0.25095242
0.25769433
0.24872655
0.25167933
0.25280604
0.25549322
0.24877545
0.2498666
0.25463533
0.24566783
