0.7258377
0.7365212
0.7148671
0.77924174
0.6588771
0.648435
0.57281744
0.50142914
0.5421155
0.49474904
0.47909537
0.50093186
0.47172627
0.47117937
0.48048466
0.47521013
0.46418864
0.4756812
0.4574992
0.5178639
0.47288457
0.45177132
0.49288142
0.45976928
0.5589211
0.47711137
0.4565255
0.44220963
0.430841
0.41712925
0.5805175
0.46543896
0.41032633
0.40918374
0.42747632
0.49304757
0.43942216
0.40564695
0.41135296
0.43797883
0.46163782
0.40826845
0.42855194
0.41189286
0.4764649
0.40940604
0.4177385
0.395396
0.43824065
0.44447443
0.44239318
0.40569615
0.5675127
0.44201002
0.42407778
0.40103123
0.3932795
0.46361807
0.39357793
0.3976496
0.46993634
0.4352767
0.39147574
0.495462
0.4355498
0.39243373
0.39890182
0.43530837
0.41141754
0.4261646
0.38765126
0.39774123
0.41536653
0.3892489
0.4021809
0.49018797
0.41919973
0.42064664
0.43670952
0.40908217
0.405421
0.4300575
0.39477733
0.3826071
0.47912377
0.41693118
0.38279963
0.4128945
0.3852623
0.4622467
0.36843118
0.39502797
0.38419834
0.38877854
0.38406277
0.42169303
0.40587655
0.376769
0.38763264
0.39121884
0.40066552
0.37350267
0.36889577
0.37515235
0.36119652
0.3608919
0.36183
0.37191668
0.3755855
0.37791798
0.37161466
0.3739385
0.39588168
0.43692562
0.3756588
0.36948797
0.37833118
0.36729908
0.37115443
0.3562436
0.35939315
0.35227674
0.3664067
0.36081526
0.38716108
0.35741284
0.35840923
0.35909015
0.37320215
0.37517592
0.32761478
0.36114725
0.3551235
0.33837107
0.33827043
0.3756328
0.38301244
0.34124145
0.32870528
0.32048336
0.41976383
0.3581113
0.31495693
0.33750728
0.3272904
0.31459376
0.36807388
0.3208367
0.31836408
0.37319732
0.3316105
0.32382464
0.32064977
0.3212124
0.31879053
0.3162044
0.3104814
0.3075517
0.33822727
0.32188168
0.35761634
0.32062903
0.32662192
0.31004655
0.33168545
0.30749828
0.3246741
0.32463402
0.30781314
0.3428247
0.31113043
0.3131196
0.3200028
0.31591934
0.32043302
0.32132098
0.3282331
0.31509525
0.30826855
0.30899474
0.3144267
0.300057
0.3211313
0.32033005
0.3256359
0.29587343
0.33930403
0.31944332
0.31398478
0.31561315
0.30344588
0.30310616
0.34165767
0.3246219
0.31058717
0.30605865
0.30209824
0.31241572
0.3058123
0.3063247
0.30330765
0.32230404
0.30521384
0.30522755
0.32314393
0.31007937
0.31357512
0.3127253
0.31734332
0.30159208
0.30204937
0.33953974
0.29833668
0.32978722
0.32147396
0.31652772
0.31003678
0.30354235
0.31111237
0.33369333
0.30586097
0.30408612
0.30093017
0.31513938
0.30116615
0.29559803
0.31437007
0.29924726
0.30763316
0.3083495
0.3032175
0.31336218
0.30194533
0.3075338
0.3048887
0.29788733
0.31242424
0.30297115
0.29642925
0.3314365
0.29598206
0.31282398
0.30740455
0.30927727
0.31224605
0.3111947
0.293912
0.29516515
0.32060167
0.29799664
0.33950102
0.31904125
0.29608643
0.29723585
0.2884902
0.30869928
0.29530537
0.3010295
0.30229914
0.29229423
0.30258572
0.2937953
0.28987622
0.3010114
0.3104048
0.30267948
0.2894313
0.29377782
0.28486723
0.2922382
0.29310852
0.30073908
0.2893857
0.2968239
0.3084961
0.30137652
0.30579144
0.28849852
0.2973321
0.29053345
0.29029235
0.28058967
0.30093765
0.28640696
0.29544178
0.2773673
0.29239857
0.27771527
0.28604558
0.28844386
0.2883181
0.28510773
0.2857757
0.29356322
0.2936648
0.3026721
0.28831628
0.28784782
0.300011
0.29147193
0.28365764
0.2887721
0.29344448
0.2962683
0.28467664
0.28666276
0.27933845
0.28131488
0.28056163
0.29989034
0.30045876
0.2909636
0.28842938
0.30237696
0.27864933
0.2950634
0.2755545
0.298959
0.27184367
0.29376522
0.29385948
0.2761458
0.29591307
0.29381028
0.29337627
0.28326213
0.2809069
0.28169855
0.27953586
0.28534535
0.2904538
0.2864181
0.27794373
0.28540412
0.27266324
0.2821508
0.28896534
0.28339243
0.28178993
0.29576835
0.27329707
0.31237152
0.30037376
0.2783852
0.28018638
0.27090922
0.28568366
0.2788461
0.2798843
0.27767667
0.2745186
0.28090948
0.27301034
0.28826973
0.27780876
0.27898267
0.27882892
0.27295232
0.27794033
0.30163512
0.27435377
0.26901713
0.2696329
0.27922022
0.2752948
0.2994339
0.27027115
0.2766384
0.2816371
0.26904294
0.27899557
0.2737854
0.28515217
0.26924235
0.27390206
0.27128935
0.26719534
0.27672964
0.27226657
0.26581863
0.27894348
0.2744948
0.26371703
0.27404603
0.2811052
0.27124926
0.26127946
0.2832455
0.28852293
0.27979323
0.27786314
0.271048
0.27271104
0.2806196
0.2649776
0.2665647
0.2682032
0.27819648
0.26815617
0.26685086
0.26958042
0.27399707
0.26390338
0.2623779
0.270189
0.27852046
0.2701742
0.26946634
0.26525825
0.2674345
0.26107427
0.265297
0.26393217
0.26527178
0.2628432
0.26915342
0.26066533
0.26915282
0.26967338
0.26586527
0.2969005
0.26588187
0.26754928
0.28220344
0.26665646
0.27568185
0.2590961
0.2728811
0.2795334
0.2704513
0.2660646
0.26263252
0.26823902
0.26775542
0.26811224
0.27139407
0.27552646
0.27064246
0.26176164
0.2689014
0.26406235
0.26862872
0.26201895
0.27318874
0.2631616
0.26379573
0.26399755
0.26729473
0.26093423
0.27571726
0.26193944
0.26102212
0.27810413
0.25901288
0.251271
0.26505497
0.25940698
0.2613003
0.26477954
0.2708803
0.26712257
0.26306581
0.26925835
0.27229744
0.27130342
0.2650665
0.2634619
0.26183626
0.26102525
0.26352492
0.26465285
0.26419413
0.26817513
0.26874727
0.2691252
0.26859906
0.25943932
0.26318845
0.2671967
0.27366313
0.2727473
0.26405498
0.2624268
0.25190404
0.26697275
0.26793653
0.27145106
0.26311773
0.25931463
0.2843661
0.26328313
0.25308508
0.25508228
0.26619694
0.2611261
0.2591054
0.2590852
0.2567077
0.26209787
0.2715056
0.25561666
0.26603878
0.2616196
0.2613356
0.26003864
0.25326416
0.2552556
0.2614091
0.25877318
0.25069922
0.2537097
0.26099756
0.2593028
0.27775535
0.25467858
0.25322345
0.25907186
0.26237386
0.25753504
0.25749868
0.26731536
0.2759029
0.25477493
0.26026788
0.26748896
0.25668666
0.26776367
0.26333505
0.26101786
0.2557495
0.24994355
0.25851044
0.25651407
0.25231975
0.25495866
0.25021333
0.25773415
0.26145828
0.25884736
0.26064405
0.25696212
0.2577369
0.25623006
0.25520286
0.27010873
0.25684083
0.2548731
0.24870825
0.25492647
0.25423378
0.26531285
0.26123127
0.25892702
0.2646006
0.25351036
0.26082358
0.26065585
0.26085111
0.2596093
0.25632194
0.2639577
0.2556058
0.25911918
0.26397774
0.25128546
0.2634361
0.2606349
0.25249603
0.25123647
0.2552723
0.25685692
0.2703886
0.26363873
0.25412798
0.2582301
0.26307178
0.26017395
0.25522396
0.26366383
0.26242188
0.26103222
0.25597614
0.26431808
0.25653154
0.2509076
0.25747532
0.25572
0.2588531
0.25706232
0.25636557
0.25828907
0.2663174
0.2581393
0.24966496
0.2503071
0.2612616
0.26223072
0.25292853
0.25500032
0.25028002
0.25080127
0.2599903
0.2521067
0.24888217
0.2563302
0.2508079
0.26128712
0.26263657
0.2591783
0.26081908
0.2546429
0.25177088
0.2535697
0.25446644
0.25348994
0.24632347
0.26214698
0.24945463
0.2584226
0.26659727
0.25519785
0.26082155
0.2652363
0.24504896
0.25094935
0.2527692
0.25733593
0.25861648
0.25555232
0.25253585
0.25806808
0.2647658
0.25602493
0.257732
0.25786334
0.26195687
0.24628991
0.24703473
0.24744542
0.25649536
0.2571005
0.25394177
0.2506981
0.24917139
0.25366718
0.2593442
0.25621048
0.25433224
0.25189584
0.25210568
0.25022864
0.2606107
0.2558306
0.25348043
0.24950434
0.25129995
0.25624964
0.25406277
0.2569365
0.24615216
0.25975844
0.2499399
0.25000826
0.25160217
0.25094137
0.24795948
0.24854375
0.24901834
0.2531427
0.25233588
0.25559708
0.25616843
0.25313583
0.2518108
0.24898198
0.24984737
0.24862473
0.24913338
0.24890521
0.24536805
0.2524996
0.25088885
0.2591105
0.25802252
0.25378573
0.2546501
0.25871137
0.2586525
0.25091514
0.25115326
0.25428832
0.25069422
0.25167447
0.2611443
0.25129682
0.250623
0.24892347
0.24316426
0.24344105
0.25418663
0.24790631
0.24503966
0.25568876
0.24462257
0.24816471
0.24613702
0.2497319
0.24190454
0.25037256
0.24497724
0.2478823
0.2423123
0.24469447
0.24859603
0.24886125
0.24694876
0.25024787
0.24833359
0.24639657
0.24527852
0.25441933
0.24813862
0.24295014
0.24989097
0.24985428
0.24450848
0.25154054
0.24418499
0.2524241
0.25657427
0.25269228
0.2507679
0.25261793
0.24950774
0.26525733
0.25075778
0.24610755
0.24228013
0.24855176
0.24703024
0.24656391
0.2458134
0.24347839
0.25600734
0.25097868
0.25083017
0.24734534
0.24923687
0.25564447
0.2654764
0.25401515
0.24863134
0.25037467
0.24833648
0.25120866
0.25282243
0.2456428
0.24596398
0.24547052
0.24696238
0.24883944
0.24984749
0.25216323
0.25032505
0.25817618
0.25252095
0.25899413
0.25201792
0.25643218
0.25044632
0.2491162
0.25385562
0.24635386
0.25306597
0.24253514
0.2516844
0.25115046
0.25362524
0.2447146
0.24960585
0.23981148
0.24939206
0.24446838
0.24970834
0.25772622
0.24851498
0.24513777
0.25089324
0.25205722
0.24994074
0.2412857
0.2462839
0.24635445
0.24921846
0.2516533
0.25596946
0.25146705
0.24921063
0.24551417
0.24611743
0.24525568
0.24511479
0.2492586
0.24967623
0.2422112
0.25078505
0.23986664
0.24822126
0.24103074
0.24774283
0.24979009
0.25153244
0.24133591
0.24461143
0.24459802
0.24738774
0.24388029
0.24821432
0.25439316
0.25115082
0.2508351
0.25055304
0.24727885
0.25548494
0.24909884
0.24991293
0.24722601
0.24803288
0.24556051
0.23783372
0.23999603
0.24010558
0.24449554
0.24028383
0.24072757
0.2569815
0.25034112
0.24349199
0.24965395
0.2504473
0.26096067
0.24749546
0.24064171
0.25091806
0.2505068
0.2492132
0.24918269
0.24341998
0.24575654
0.254343
0.25040296
0.24120356
0.25116715
0.25425318
0.24993473
0.24485326
0.24972858
0.2534333
0.25628725
0.248059
0.24165255
0.2381609
0.24238029
0.24382608
0.24579468
0.24741744
0.24752505
0.24712951
0.25143972
0.24619198
0.24944705
0.24459973
0.25117522
0.25201088
0.24540094
0.2383832
0.2430437
0.24585962
0.24422248
0.24736883
0.24571118
0.24549863
0.25416303
0.24874
0.24468368
0.25051722
0.25638098
0.2502245
0.25193918
0.2433771
0.25080362
0.25480586
0.25322744
0.2550877
0.24478135
0.24912319
0.24918596
0.24169593
0.24261099
0.24750532
0.2518053
0.25012776
0.25941688
0.25331062
0.25434515
0.24983118
0.24721874
0.2410661
0.24854465
0.2411281
0.24668643
0.24891384
0.25176674
0.25164357
0.2515783
0.24788502
0.24179564
0.24983096
0.24334241
0.24805726
0.24810861
0.24777168
0.2456656
0.24577379
0.24868123
0.24442947
0.24284573
0.2450091
0.2510027
0.2493027
0.24762692
0.24662271
0.24927053
0.25201654
0.2573451
0.24765342
0.2505508
0.2413713
0.24521439
0.25170314
0.2430355
0.24708454
0.24494283
0.2431763
0.24280083
0.24677125
0.24285837
0.241321
0.24816622
0.25167754
0.24843752
0.24529092
0.24658012
0.24462198
0.24156074
0.2423067
0.25225317
0.246618
0.24336794
0.25525147
0.24922295
0.2515575
0.24277195
0.24884388
0.2527317
0.25917962
0.23971915
0.24921495
0.24018472
0.24256207
0.25088975
0.24810165
0.25061056
0.2458727
0.2538573
0.24096434
0.248873
0.24374466
0.25495008
0.24858421
0.24385454
0.24312147
0.24246056
0.24561094
0.24324071
0.24122256
0.2443417
0.24975091
0.24009973
0.24364576
0.24134962
0.2446841
0.24779989
0.24251583
0.24581343
0.25094587
0.25394946
0.24571158
0.24672028
0.25127152
0.25199878
0.24667329
0.24891645
0.24343541
0.24854611
0.24980062
0.25087926
0.2509996
0.25010607
0.24715006
0.24262467
0.24303989
0.24559768
0.2457319
0.25177336
0.24284284
0.25346416
0.24391253
0.24892215
0.24328668
0.2430962
0.2406239
0.24907365
0.2415748
0.25057247
0.24372153
0.25643602
0.245988
0.24489088
0.24680685
0.24574338
0.24853884
0.25098467
0.25007936
0.2427277
0.2470373
0.24482341
0.24411799
0.24477634
0.24715036
0.24673693
0.25574607
0.25097424
0.24833743
0.24601175
0.24822305
0.24568567
0.24551691
0.24732079
0.24875048
0.2477587
0.24909131
0.24859674
0.24548958
0.24395229
0.24305913
0.25330016
0.24584284
0.24935159
0.24277414
0.24369442
0.24796644
0.2473163
0.24930318
0.24396431
0.25042084
0.2511094
0.24745512
0.24660665
0.24962854
0.24990106
0.25009024
0.24507317
0.25203162
0.24453871
0.24415159
0.24318194
0.24272665
0.24524073
0.24531616
0.24154249
0.24695663
0.2511954
0.25377226
0.2505881
0.24843633
0.24519798
0.24380533
0.24386656
0.24831729
0.2478065
0.24677303
0.24610853
0.24973685
0.24385266
0.24187747
0.24461505
0.24620774
0.23787725
0.24666102
0.24826321
0.2469811
0.24211691
0.23879327
0.2420647
0.24241321
0.24448717
0.23956355
0.23976631
0.24795026
0.24514578
0.23765777
0.24926277
0.24138841
0.24483682
0.243931
0.24185461
0.24178128
0.24501137
0.24290328
0.24591191
0.24117969
0.24195072
0.23987626
0.24491568
0.2545232
0.24562539
0.24809586
0.250879
0.24845572
0.2452042
0.24682765
0.24761659
0.24585147
0.2455152
0.24760441
0.25077677
0.24361038
0.24850585
0.24639913
0.24253868
0.24044351
0.24552186
0.24152805
0.24364293
0.24617775
0.2520736
0.25252053
0.24745691
0.2477439
0.2433614
0.24007478
0.26283556
0.24380231
0.24252804
0.2461292
0.24867149
0.25027522
0.23956132
0.24447174
0.24822746
0.25133035
0.2440658
0.2450355
0.2522898
0.24225812
0.24748005
0.24745172
0.24075486
0.24085326
0.2466599
0.239822
0.24218136
0.25015357
0.24712795
0.24204633
0.24535313
0.24637258
0.24464375
0.24318345
0.24804856
0.24317354
0.24291912
0.23924308
0.23714057
0.24422742
0.24188077
0.24352008
0.24690212
0.24950755
0.24925938
0.23932886
0.2449597
0.24091452
0.24880074
0.24716489
0.24776591
0.2429171
0.24469201
0.24720304
0.24770896
0.25045225
0.25571656
0.2475154
0.24718443
0.24287927
0.24848053
0.24386136
0.24876921
0.24632904
0.24228352
0.24424605
0.24345319
0.24070609
0.2368331
0.24231161
0.24723996
0.24127714
0.24321663
0.24539685
0.25087965
0.24811159
0.2482166
0.24760671
0.2499648
0.2428055
0.2462319
0.24753208
0.24272968
0.24695617
0.24613854
0.25306264
0.24599972
0.25027853
0.25622395
0.2478176
0.24685206
0.2554391
0.250972
0.2524311
0.2513565
0.2488775
0.24548838
0.24785766
0.24304137
0.23930945
0.24738762
0.24442565
0.24862717
0.24786095
0.25210783
0.24909458
0.2439837
0.24813533
0.2456393
0.25292978
0.24853414
0.24586827
0.23886392
0.24856925
0.24793042
0.24616027
0.25199825
0.24490358
0.24401629
0.2463695
0.24815077
0.2473358
0.24992153
0.24819352
0.24378262
0.24087675
0.24552116
0.24826398
0.25843608
0.25333807
0.2453181
0.25437683
0.24480784
0.24839598
0.2445048
0.24591051
0.24804685
0.248332
0.24958135
0.2427867
0.24546742
0.2459685
0.24757981
0.24730076
0.24901545
0.24642773
0.243251
0.24807163
0.24796304
0.24140422
0.23516403
0.24579594
0.2382741
0.24301076
0.24530496
0.24119046
0.24598275
0.24441585
0.24245693
0.2470001
0.2406104
0.24620664
0.24412678
0.24258871
0.24195883
0.24198087
0.2418361
0.24013075
0.24407265
0.23949629
0.2407526
0.24627464
0.2404465
0.24235517
0.23756567
0.24584584
0.24312004
0.23946877
0.24440593
0.24490823
0.24299274
0.24122307
0.23819372
0.24349734
0.23915225
0.24675457
0.24025495
0.24076033
0.25143462
0.24109171
0.24187188
0.24054503
0.24744688
0.24474744
0.23622046
0.24211511
0.24061915
0.24695177
0.24320345
0.2422706
0.23696509
0.24773358
0.24829915
0.23956552
0.24446552
0.24683087
0.2518397
0.24814893
0.24401781
0.2524201
0.24777736
0.24785782
0.24491991
0.24409546
0.24063076
0.24966924
0.24199583
0.24433778
0.25024852
0.2408663
0.24404229
0.24354354
0.24324064
0.24042447
0.24642228
0.24146703
0.24431656
0.24238642
0.24312145
0.24430992
0.24364899
0.24274272
0.2455516
0.24602108
0.24129201
0.24318773
0.23911817
0.24225077
0.24033299
0.2368028
0.23822907
0.23458514
0.24109368
0.24242812
0.24347566
0.24199155
0.23576775
0.2371465
0.23809811
0.23755735
0.23989931
0.23883769
0.23672433
0.237147
0.24128073
0.24854176
0.24154449
0.23809446
0.24014154
0.23890166
0.2415962
0.24569577
0.24383412
0.24437752
0.24979222
0.241116
0.24073152
0.24029723
0.24170847
0.23922762
0.2399457
0.24502818
0.23811847
0.2437085
0.23944826
0.24075532
0.24130508
0.24146016
0.2404672
0.2391097
0.24083287
0.25267923
0.24019107
0.24038321
0.23995896
0.24111572
0.2373324
0.23868518
0.2448245
0.24362971
0.23983404
0.23524602
0.24111088
0.24691388
0.23734435
0.24137035
0.2380237
0.23822491
0.23958907
0.24282679
0.23814318
0.23912647
0.2477166
0.23897162
0.24653627
0.24825214
0.24726444
0.24086085
0.24454083
0.24148504
0.24373779
0.24084689
0.2427489
0.24053852
0.24138738
0.24710137
0.2437178
0.24169794
0.23799427
0.23710226
0.2442922
0.24472943
0.235462
0.24467348
0.24676283
0.24572188
0.24155428
0.24005361
0.24996968
0.25808886
0.2388023
0.2417292
0.23953013
0.25126934
0.23755239
0.23580481
0.24218631
0.24548593
0.24177396
0.23705584
0.2405821
0.24285308
0.24012811
0.24570334
0.24558875
0.24316904
0.23960684
0.24352363
0.2366323
0.23918372
0.24103487
0.24282822
0.2307743
0.24577688
0.24125408
0.2407258
0.25292212
0.24165954
0.24641255
0.24011603
0.23929633
0.23819056
0.24463251
0.23765257
0.24557856
0.247265
0.24678986
0.24499725
0.24378654
0.24294186
0.23790921
0.24498901
0.24073265
0.23834895
0.23984474
0.24140966
0.2360534
0.23858897
0.24282952
0.24611557
0.23888631
0.23844153
0.23920684
0.244915
0.24631774
0.24937202
0.24132815
0.2394779
0.23682244
0.24163789
0.23822491
0.24308816
0.24067165
0.24210843
0.24141034
0.2376494
0.24449444
0.23842114
0.2351902
0.24124044
0.24522467
0.23435359
0.23975505
0.2429841
0.23754269
0.24348724
0.24667762
0.23982427
0.24117024
0.23822866
0.2388708
0.24072023
0.24609521
0.24160077
0.24552521
0.24193396
0.24752136
0.24261293
0.24406226
0.2483806
0.23770279
0.24547815
0.24072777
0.23948257
0.24203853
0.24270353
0.24518803
0.24558654
0.24431252
0.2465544
0.2444154
0.2390872
0.24287805
0.24166761
0.24250701
0.23953089
0.23846883
0.24027242
0.2406488
0.23629382
0.23700996
0.24281968
0.24525072
0.24143663
0.23833525
0.2379897
0.24360046
0.23886254
0.24203674
0.23993686
0.24439132
0.24012585
0.24324256
0.23854335
0.23976132
0.2397334
0.238004
0.237985
0.23935507
0.24679437
0.2418067
0.23676549
0.23654783
0.23211123
0.23914827
0.24188277
0.24330886
0.24238734
0.23954003
0.23930803
0.24027534
0.2386671
0.23746127
0.23700379
0.23527026
0.24846888
0.24101815
0.23977786
0.23786911
0.24310361
0.23780411
0.2417024
0.24048741
0.24284782
0.23947251
0.23925985
0.24154146
0.2386714
0.24044426
0.23601645
0.23128298
0.23972617
0.24118358
0.23517016
0.23637734
0.24488525
0.24449697
0.24265
0.24349107
0.24165006
0.23809992
0.24393342
0.23778816
0.23664409
0.24273632
0.23960032
0.24107496
0.240496
0.24037386
0.24084972
0.2369158
0.24103768
0.24365233
0.24426505
0.2461295
0.2427154
0.24089076
0.24066593
0.24730194
0.24648298
0.24503165
0.24095348
0.25644466
0.24436946
0.23878159
0.24371558
0.24537152
0.23941445
0.24078968
0.23977754
0.24380893
0.24031737
0.24673864
0.23934905
0.24071826
0.24264066
0.24308316
0.23910812
0.23540917
0.23952076
0.2393534
0.23991267
0.23691021
0.23797671
0.24051072
0.23600234
0.23974194
0.24369577
0.24177755
0.24140258
0.23919144
0.24049987
0.24017839
0.24639992
0.24722466
0.24525155
0.24260531
0.24461584
0.24448124
0.24566431
0.24420027
0.24222615
0.24353579
0.23914105
0.23708223
0.2423608
0.24654058
0.24487182
0.24303593
0.24029069
0.23897739
0.23767729
0.23914312
0.2371821
0.24632347
0.24521336
0.25456223
0.24093485
0.23726442
0.2401995
0.2331352
0.23938681
0.23830207
0.23859724
0.23761837
0.23869853
0.23352142
0.24060138
0.23545237
0.23803186
0.24062382
0.23534614
0.23807035
0.23515792
0.2427811
0.23658901
0.24037693
0.2426342
0.24286684
0.2429528
0.23907053
0.24782176
0.24217282
0.2326488
0.2418079
0.24698533
0.24248824
0.24644424
0.24023907
0.24627148
0.24633811
0.24268343
0.24111268
0.24523075
0.2479622
0.24271601
0.23732021
0.24269499
0.24322128
0.24383335
0.24297817
0.2412928
0.23993929
0.24558656
0.24574497
0.23998176
0.24423152
0.24128433
0.24166684
0.24065387
0.24311928
0.24429038
0.24583778
0.24634781
0.24007782
0.24081068
0.24464127
0.23950525
0.24107301
0.23804511
0.23210272
0.24034396
0.24090517
0.24439606
0.24359697
0.23935233
0.24894074
0.23723984
0.23827961
0.23821074
0.23646025
0.24978611
0.24549985
0.24594453
0.24110873
0.24101439
0.23881048
0.2422394
0.24053971
0.2439816
0.24307258
0.24182954
0.23915553
0.24169402
0.23950036
0.24279638
0.23755966
0.23589353
0.23714682
0.2363298
0.24136072
0.23648995
0.23873182
0.23712501
0.24083166
0.24499373
0.23894542
0.23831667
0.23785748
0.23919976
0.23983301
0.23931457
0.23710619
0.24282692
0.23863758
0.24500309
0.24150473
0.24123235
0.24483053
0.24822725
0.23676333
0.23686445
0.24130231
0.23956874
0.24059117
0.24422622
0.24027571
0.2414816
0.2374015
0.23991488
0.2414526
0.24397236
0.24896929
0.24537016
0.24645853
0.2456331
0.25074372
0.24640219
0.24198423
0.23865551
0.23582381
0.23894319
0.23614092
0.23510186
0.23872314
0.24070528
0.2382185
0.23965289
0.23851179
0.23756386
0.23929314
0.24496439
0.24076742
0.24732833
0.24869196
0.23801969
0.24661885
0.24267317
0.23588066
0.24281529
0.23320591
0.2414905
0.23787636
0.23736529
0.24216224
0.24174073
0.24022211
0.23814514
0.24027361
0.2467292
0.24349149
0.24318725
0.24166904
0.23954765
0.24810722
0.2431242
0.24375795
0.24214594
0.24050103
0.23912019
0.24086714
0.24157654
0.24008878
0.23631297
0.24269186
0.24390334
0.24110556
0.24248143
0.24014425
0.24553981
0.24142635
0.24198258
0.2335094
0.24033636
0.24969704
0.24008031
0.24644494
0.24354643
0.2424762
0.24392614
0.23577851
0.23981754
0.23960048
0.24383445
0.24303028
0.23756681
0.24059618
0.24018718
0.24080999
0.24111216
0.24237409
0.24494989
0.2437987
0.24492715
0.24064577
0.23959059
0.24106315
0.24014245
0.24485782
0.23712157
0.24020372
0.23843785
0.2434927
0.24018785
0.23971553
0.24318187
0.23681115
0.24728622
0.24134828
0.2329707
0.23864536
0.23623139
0.23510341
0.23572093
0.23631777
0.23846592
0.24255578
0.2422335
0.24157685
0.25394195
0.2471311
0.24703662
0.24446996
0.2391288
0.24629523
0.23886362
0.23561051
0.24530941
0.2443147
0.24966708
0.24618773
0.24236158
0.23942733
0.23353639
0.24366379
0.24351844
0.23925795
0.23899607
0.2374439
0.24662216
0.2427256
0.23620705
0.2421529
0.24426204
0.2499532
0.24631935
0.24468942
0.2453414
0.2465273
0.241614
0.2493657
0.24280691
0.2418648
0.24320401
0.2424764
0.24563195
0.24621433
0.24189097
0.25063717
0.2562646
0.24872266
0.24705605
0.24454443
0.25001073
