0.72238773
0.82933897
0.62745714
0.56333727
0.5879505
0.68092567
0.54331374
0.5108333
0.5242601
0.49091193
0.46767592
0.46363875
0.45581192
0.46869645
0.4627834
0.466484
0.45421302
0.45012584
0.47180545
0.44161817
0.45959267
0.47939664
0.4515134
0.45165184
0.46542034
0.43146408
0.4424999
0.4342755
0.44741946
0.43165103
0.50777644
0.4820889
0.53094065
0.43924722
0.41650468
0.4467929
0.43825334
0.4172273
0.46486887
0.42157412
0.41215268
0.42248005
0.42213252
0.45590946
0.43131173
0.4235013
0.46769714
0.5070664
0.43823484
0.41292998
0.44087052
0.4197662
0.41406432
0.41549307
0.4455566
0.4561908
0.43237844
0.45828152
0.56804925
0.41263372
0.42080203
0.41237643
0.42692345
0.44498634
0.46861956
0.40784556
0.41629943
0.4052111
0.38706622
0.42448965
0.4076209
0.38419646
0.38785523
0.37442216
0.37080994
0.3600787
0.36664584
0.3790947
0.35121918
0.35508648
0.40501177
0.359491
0.34821892
0.35640502
0.3798492
0.34123018
0.34993
0.34879744
0.3637814
0.3714163
0.3622255
0.34462947
0.3495956
0.32726705
0.33304632
0.34010988
0.4267712
0.34267277
0.34993088
0.37179455
0.34743476
0.3492729
0.33679178
0.3459259
0.35301092
0.33641824
0.33488706
0.36881092
0.35480106
0.31760904
0.3148915
0.31145567
0.35654896
0.3307954
0.38504878
0.34026498
0.33893073
0.31583527
0.32173884
0.33065566
0.32170036
0.3387234
0.32671663
0.32949513
0.3165212
0.32920557
0.32526308
0.3304702
0.3105644
0.33121774
0.34520793
0.31911677
0.326447
0.31637287
0.32440335
0.3067698
0.33349848
0.315005
0.31218898
0.32934332
0.30029905
0.30783656
0.32286596
0.31299546
0.30764744
0.30783987
0.3134604
0.30548862
0.31719008
0.30481818
0.3104941
0.30315378
0.32262874
0.31270632
0.34830788
0.3179732
0.30846494
0.31686065
0.3248736
0.32493415
0.3029905
0.3142502
0.3250713
0.30250692
0.29812044
0.29871744
0.31224215
0.30988884
0.30718607
0.31742868
0.29875916
0.29813567
0.3095727
0.30921328
0.29801896
0.33176485
0.31089208
0.3166389
0.30521342
0.30452865
0.29681504
0.3079949
0.30266696
0.29873464
0.29411978
0.30351835
0.29518086
0.31864473
0.30598179
0.29905066
0.31727374
0.31623134
0.30412483
0.30520666
0.30260435
0.29095
0.3086306
0.28844705
0.30723315
0.28763556
0.30242395
0.30696905
0.28714177
0.312134
0.29259104
0.2906646
0.31190926
0.30102143
0.29346135
0.3100466
0.29122284
0.29024947
0.2963239
0.30476138
0.29464957
0.29289696
0.2880172
0.28717014
0.30049887
0.28827178
0.29116124
0.2926447
0.3108625
0.29046446
0.29037952
0.292129
0.29076117
0.2941689
0.2944959
0.29883763
0.3005245
0.28528884
0.28982335
0.2925881
0.29070923
0.30881953
0.32575548
0.29813334
0.29064766
0.29097494
0.2996094
0.3064333
0.29339167
0.3126062
0.28703287
0.29053575
0.29540905
0.29882777
0.29565656
0.28241527
0.29321584
0.29649308
0.28119192
0.28906366
0.2865804
0.2952403
0.28870586
0.28903764
0.2933001
0.2954549
0.29498547
0.29241604
0.29533666
0.28526843
0.2963657
0.29657337
0.28827342
0.2913747
0.2873222
0.29934424
0.29843786
0.29579118
0.27303475
0.2873329
0.28629023
0.30271628
0.28398362
0.29453143
0.28597328
0.29902884
0.28349417
0.2831966
0.2922688
0.28241998
0.28768823
0.2861395
0.29280734
0.2783181
0.2819508
0.28824404
0.29475248
0.29242098
0.29280275
0.29329446
0.29824585
0.28602743
0.2931457
0.28954417
0.27887994
0.27815726
0.28585154
0.3002035
0.29108033
0.29701817
0.28303203
0.30623406
0.30002406
0.29621416
0.27646098
0.2789347
0.28541222
0.2881443
0.2826761
0.28270146
0.28112152
0.28478545
0.29379085
0.28271782
0.292422
0.28375813
0.2987245
0.28304037
0.27991453
0.28587252
0.28864488
0.28870198
0.28431985
0.2791742
0.30809942
0.2910906
0.2823562
0.29090372
0.30234876
0.2896052
0.29279196
0.28066364
0.2861422
0.27670234
0.2911875
0.29543164
0.28624907
0.29042295
0.27953443
0.28663638
0.28765684
0.28429562
0.28864044
0.28867093
0.28220806
0.28788108
0.29151136
0.28203028
0.28206685
0.28240123
0.27928498
0.28988186
0.28612065
0.27484828
0.27897438
0.2775818
0.2818141
0.29475266
0.2963266
0.28775355
0.28377888
0.2978956
0.2855747
0.31265363
0.28098077
0.30073643
0.27630532
0.28471202
0.27853605
0.2796142
0.28604853
0.28634658
0.2930763
0.27504575
0.28353137
0.28526112
0.28605095
0.28836164
0.28717598
0.28436926
0.2897475
0.28617102
0.29416713
0.28639674
0.2779898
0.2873733
0.28461277
0.28299087
0.2782385
0.27942556
0.29310772
0.29571572
0.27821797
0.27723765
0.2769711
0.28621772
0.28164855
0.28374925
0.29545695
0.27632546
0.28670707
0.28260127
0.2849636
0.2760575
0.28367996
0.29265147
0.28248242
0.27714464
0.28636277
0.30645522
0.2824989
0.27590695
0.2840097
0.2851201
0.281904
0.2781698
0.28668213
0.27218387
0.2838968
0.2811676
0.27956256
0.28345373
0.30953893
0.28866598
0.28302297
0.28461874
0.28440323
0.27798522
0.28948557
0.28912947
0.27147955
0.2933316
0.29966936
0.2842732
0.28342825
0.27765945
0.28890938
0.29625294
0.2810524
0.28613734
0.28589708
0.27676708
0.27658373
0.27990788
0.28140205
0.28000852
0.28598753
0.28045392
0.27896747
0.2907438
0.27546594
0.2850084
0.28429592
0.29306254
0.28835034
0.30862254
0.28055504
0.27646947
0.28463492
0.29575637
0.2820454
0.28496328
0.27911618
0.2873667
0.27824268
0.30426973
0.28512052
0.28083244
0.28102127
0.28867665
0.27647462
0.28916037
0.28797355
0.27659944
0.29936337
0.28945574
0.28617615
0.28054968
0.27613556
0.27746952
0.2811612
0.283264
0.28500372
0.2904775
0.28821796
0.2911002
0.2778673
0.2771767
0.30690768
0.28146043
0.2909497
0.28981438
0.28457674
0.28530294
0.28467527
0.2958881
0.28842795
0.2798525
0.27836728
0.27541843
0.28276956
0.28080443
0.28022808
0.27684814
0.27974418
0.28395694
0.2769334
0.2783007
0.27748075
0.27344534
0.28274927
0.2778934
0.2757755
0.28407022
0.2742765
0.28483018
0.28221694
0.28690302
0.2819942
0.27577883
0.29037446
0.2766792
0.2784379
0.28118303
0.27436787
0.29273316
0.2764867
0.27008617
0.27914557
0.28012335
0.27148846
0.27312988
0.28018004
0.28481674
0.27848572
0.28283685
0.27950627
0.28127342
0.3129713
0.2792729
0.31771874
0.28610256
0.29039326
0.2745745
0.2762763
0.27867442
0.27480143
0.27272117
0.3060506
0.27755374
0.27605334
0.2796649
0.2719686
0.2685588
0.2760994
0.2851024
0.27451193
0.27638763
0.27718952
0.27525446
0.27641395
0.27637365
0.29708248
0.27516788
0.28508595
0.28615594
0.28370672
0.28378513
0.26793116
0.2771746
0.27931878
0.28269434
0.2716044
0.28069624
0.27520955
0.2754202
0.27950084
0.30195686
0.28302407
0.270189
0.28463235
0.27952957
0.27210698
0.2748465
0.28410524
0.27819332
0.2768362
0.27088335
0.26966852
0.27395305
0.26897246
0.26872903
0.27587488
0.27589968
0.27620766
0.27714387
0.27459544
0.2741779
0.27050996
0.28902766
0.27312067
0.2722179
0.27875298
0.2719378
0.27137187
0.28371665
0.28415704
0.27363592
0.28097558
0.26981562
0.27329183
0.28234106
0.2764573
0.26973662
0.2847315
0.2946562
0.27540672
0.27908793
0.2693604
0.2723535
0.274253
0.26999098
0.2754414
0.2747968
0.26433286
0.2634724
0.27318233
0.26892838
0.2748201
0.2737775
0.28011256
0.2689122
0.27143684
0.27544695
0.2814342
0.27633074
0.28336915
0.28144503
0.27875528
0.27115154
0.2721937
0.28238186
0.28029653
0.28422356
0.27731678
0.2711666
0.27413222
0.26606566
0.27278283
0.27551523
0.27103007
0.2668985
0.2629613
0.27048856
0.2874402
0.29013515
0.28017586
0.27782446
0.27245396
0.27449647
0.27178082
0.2858734
0.27150184
0.27795565
0.2695858
0.2757447
0.2710672
0.27940026
0.27279785
0.26911318
0.27360958
0.28427044
0.27929616
0.2747181
0.27754605
0.26834965
0.26389843
0.27025887
0.28351647
0.28347483
0.26990244
0.27131903
0.27301356
0.2786487
0.27326983
0.2745404
0.27648014
0.27185297
0.27713293
0.27218565
0.27633432
0.27512437
0.2678239
0.27179947
0.2632495
0.26454717
0.2665542
0.26927182
0.2626653
0.27849945
0.2733115
0.2708747
0.27324006
0.2718268
0.27535626
0.26750734
0.26918402
0.26131067
0.28093374
0.27197707
0.27556735
0.27299708
0.27021584
0.2787181
0.2658768
0.26903006
0.28161457
0.26416567
0.27109137
0.26315564
0.27066636
0.28954166
0.28062886
0.27451354
0.27015013
0.26933408
0.26700217
0.26528788
0.26716724
0.2617745
0.27896303
0.26970023
0.2791648
0.2783563
0.2846167
0.26412266
0.28447947
0.27456266
0.2642961
0.26140475
0.2660347
0.2777063
0.26793042
0.27731574
0.26575696
0.27377328
0.27197874
0.27608433
0.27273154
0.27554402
0.281633
0.27862093
0.28367776
0.27321264
0.26886934
0.26556087
0.27207282
0.26294187
0.27988642
0.29203555
0.26993713
0.2700638
0.2664677
0.27909827
0.2751605
0.28028935
0.2757429
0.26877624
0.265327
0.27056512
0.2624718
0.27054948
0.2838609
0.27343965
0.2775391
0.2735798
0.26561704
0.2726248
0.28328684
0.2709449
0.2787679
0.271107
0.2650032
0.2729889
0.26836187
0.2689873
0.28004315
0.26845822
0.27087533
0.27810183
0.27887392
0.29659113
0.27587894
0.28810617
0.2711274
0.26941273
0.26708806
0.27384531
0.27444348
0.2771155
0.2696108
0.2857328
0.26585656
0.2646445
0.26912856
0.26956847
0.288186
0.27103803
0.2860055
0.268071
0.26440465
0.27410096
0.27354887
0.2640479
0.26822862
0.27686283
0.27599478
0.26668298
0.2643167
0.26238838
0.26625144
0.2675561
0.2609595
0.26509255
0.26495728
0.26011956
0.27760822
0.273839
0.26235086
0.29111293
0.2613657
0.2630451
0.26301837
0.26348937
0.27754277
0.27198094
0.2677322
0.26517922
0.26840898
0.27405593
0.2752198
0.26812473
0.2811553
0.2676016
0.27384034
0.2632699
0.2718618
0.26865834
0.275828
0.26913205
0.27285218
0.27760744
0.2613559
0.28460544
0.2693723
0.2820667
0.27300596
0.2736308
0.27880415
0.27187434
0.2653925
0.27246052
0.2789744
0.28198513
0.26353866
0.27230707
0.27610397
0.27439
0.26877856
0.26370874
0.26725188
0.2644838
0.27556095
0.2777196
0.27242216
0.26662913
0.26529124
0.25929433
0.27491653
0.26234475
0.26367652
0.25471103
0.26437628
0.26145032
0.26914963
0.26782447
0.29176137
0.27228808
0.2718728
0.27071086
0.2712957
0.2694423
0.2736509
0.2709383
0.267244
0.27301034
0.27369854
0.28267282
0.2699706
0.26792118
0.26689312
0.26343352
0.27110848
0.26770395
0.26822537
0.2676212
0.26285765
0.27221403
0.26399043
0.26779124
0.2790929
0.26564205
0.26960313
0.26452917
0.26379848
0.27296105
0.27261782
0.26646537
0.2663516
0.27447563
0.27355376
0.26608196
0.26574245
0.26548955
0.26707837
0.27865735
0.2776242
0.2664371
0.28341815
0.2737328
0.27987522
0.2672692
0.27303073
0.27463204
0.270628
0.26965606
0.2790719
0.277434
0.28253806
0.26953956
0.26486045
0.2698903
0.26398695
0.28166395
0.27693897
0.26982328
0.26921293
0.26264328
0.26367995
0.274704
0.2743909
0.2651525
0.26872692
0.2716374
0.26548356
0.2734039
0.27227238
0.27327117
0.2755506
0.28097907
0.27592984
0.26660037
0.27059573
0.2637658
0.2680762
0.2680118
0.26905105
0.2729112
0.28239366
0.2735021
0.27020898
0.26759535
0.2768053
0.27008292
0.27342546
0.2696999
0.27047378
0.26569483
0.261574
0.26758888
0.27080902
0.2697199
0.27043137
0.2699887
0.2722117
0.27290606
0.26427907
0.27294832
0.2778251
0.26755077
0.26781356
0.283
0.2737163
0.2690785
0.27814525
0.31094337
0.27203372
0.26422405
0.26318178
0.29230005
0.27126637
0.27076516
0.2667574
0.27110854
0.26902077
0.26262742
0.273853
0.26555774
0.27963948
0.27941757
0.267346
0.2722825
0.2624905
0.26980904
0.27123773
0.27152213
0.27436543
0.27023187
0.26422894
0.28225315
0.26874432
0.2573796
0.26156667
0.26389554
0.26962617
0.26763383
0.2775957
0.27557248
0.2720982
0.26758227
0.2630311
0.27275708
0.27638048
0.28838506
0.2713413
0.26161146
0.2744208
0.2617156
0.26799637
0.28462774
0.26580992
0.2650227
0.28201422
0.27470392
0.26615578
0.26376358
0.27143598
0.26919362
0.26759318
0.27036545
0.28447136
0.27250907
0.26733038
0.26237595
0.27223924
0.26350665
0.26516297
0.26137605
0.27035815
0.2629424
0.26331842
0.26475346
0.27127907
0.26407197
0.2637879
0.27380407
0.28001738
0.26350975
0.2553341
0.2665725
0.26576442
0.26968879
0.26284912
0.26255015
0.26218757
0.26136723
0.2740126
0.2666487
0.26592782
0.26391226
0.28900245
0.27339673
0.26671842
0.27165917
0.25979042
0.2617174
0.28296793
0.26958722
0.2683342
0.2780757
0.26960412
0.26163813
0.26689342
0.26525113
0.27502656
0.26145798
0.2629803
0.26162797
0.26989615
0.26650736
0.28835964
0.26344603
0.26350987
0.26632118
0.27013654
0.26499698
0.2623616
0.26813337
0.27333653
0.26760805
0.27503088
0.2760288
0.27603468
0.2697573
0.2715153
0.26976523
0.27171707
0.27238414
0.26909328
0.2738616
0.26793286
0.2616178
0.27457702
0.2705598
0.26224425
0.26676956
0.27112243
0.26244125
0.33966565
0.27585173
0.26917517
0.27175352
0.28261843
0.27123687
0.26642564
0.2680246
0.26429364
0.26994973
0.26632687
0.26609293
0.26672018
0.2610743
0.26852375
0.27979532
0.2893729
0.26317108
0.27610642
0.2629644
0.26260248
0.26473078
0.27116042
0.27024117
0.26029852
0.27346772
0.26556465
0.27279827
0.26972735
0.26472738
0.2666117
0.27243108
0.26846305
0.26575607
0.2674179
0.2675515
0.26798305
0.28174165
0.27070498
0.2676099
0.27191967
0.26874086
0.26405653
0.27533346
0.2720792
0.2658687
0.2717183
0.2632873
0.26637372
0.27820742
0.26503217
0.26728395
0.2700346
0.27751738
0.26622364
0.31427267
0.26649898
0.2679587
0.27142802
0.26865226
0.276693
0.30946317
0.26899636
0.26556525
0.26771042
0.2608598
0.26262262
0.26876503
0.27016836
0.28748018
0.26161614
0.26705566
0.26277512
0.26911995
0.2608786
0.26559108
0.26436418
0.26427528
0.27070144
0.26155397
0.2704609
0.26585847
0.30605736
0.2652653
0.26170024
0.26714674
0.27819645
0.2693828
0.26901397
0.27417424
0.26732975
0.27593324
0.2668533
0.26854363
0.30025172
0.29818362
0.270979
0.26612186
0.2651739
0.2866155
0.25849685
0.26268348
0.27361465
0.2730451
0.2765606
0.25393194
0.2619154
0.26458383
0.26134333
0.2759656
0.26595527
0.26491296
0.26617557
0.26457542
0.25327215
0.2652922
0.27320838
0.26620463
0.26971856
0.2978219
0.27313954
0.27150863
0.2592724
0.2711382
0.2679261
0.27310735
0.2691254
0.2611086
0.26439282
0.26680404
0.2615132
0.27122486
0.2636637
0.2630622
0.2710295
0.27012914
0.2713948
0.27478582
0.26680356
0.2757538
0.27162924
0.2739778
0.2747555
0.26808438
0.26331523
0.27141753
0.26011297
0.27727297
0.2700718
0.27260914
0.27295408
0.26719275
0.26670408
0.26354587
0.2583912
0.26127145
0.26687902
0.26223117
0.2851999
0.26822048
0.2761208
0.2659763
0.25559336
0.25659925
0.26969278
0.26095754
0.2746252
0.26160303
0.2658002
0.26620406
0.29314303
0.27143636
0.26459527
0.2653413
0.2785131
0.2787711
0.26526037
0.26669008
0.27316275
0.27760303
0.36439073
0.2751701
0.26886225
0.2682564
0.26450828
0.2591144
0.26471058
0.25964877
0.2676987
0.27511945
0.2631119
0.27079868
0.26028505
0.2572446
0.26120993
0.25864032
0.26333392
0.25747186
0.29317835
0.27654722
0.26269668
0.2607044
0.27385935
0.27411312
0.2720016
0.2646958
0.26515242
0.27496156
0.26401323
0.2700765
0.25539303
0.268681
0.32224247
0.27114928
0.26150697
0.27284092
0.27196023
0.28159124
0.2695048
0.2663424
0.26122597
0.26429552
0.27405077
0.2636579
0.26779
0.26185063
0.26685897
0.26311293
0.26463434
0.26258004
0.2627717
0.26914677
0.26675346
0.27189466
0.26285875
0.27360496
0.27215663
0.26963356
0.26145083
0.26993874
0.26821414
0.2858106
0.26795357
0.26307583
0.26038367
0.27037168
0.27404156
0.26684085
0.26834163
0.269977
0.27025583
0.2621777
0.26440257
0.27020335
0.26648676
0.26542702
0.2653068
0.26403397
0.2639868
0.2700604
0.26225212
0.27531695
0.26827013
0.2629796
0.28658813
0.26813865
0.27191567
0.27336234
0.27618128
0.26988336
0.2759407
0.26934138
0.26934543
0.27167162
0.26622602
0.26952562
0.26571566
0.26984406
0.2670148
0.2755256
0.2690952
0.29105613
0.27122816
0.27524605
0.27901283
0.2725399
0.2639196
0.2756605
0.2705915
0.26995552
0.27079865
0.27121747
0.27153322
0.26526475
0.26258546
0.2743007
0.26284072
0.27210274
0.27542776
0.2692228
0.26200625
0.2707189
0.2694539
0.26396596
0.27003327
0.27465734
0.26920858
0.2690797
0.26525646
0.2623852
0.34448287
0.2998868
0.28229228
0.2732794
0.2758113
0.26623324
0.2640642
0.27128983
0.26787254
0.2627858
0.2691456
0.2736046
0.26402897
0.27047586
0.26808402
0.2634553
0.27460334
0.27141413
0.26764786
0.2648961
0.3077447
0.27072248
0.26661435
0.29363188
0.27920216
0.2982001
0.2901221
0.26964566
0.32659912
0.28146246
0.2650131
0.26432785
0.2652546
0.26310027
0.25991473
0.2637457
0.26666358
0.26816338
0.2748392
0.26039764
0.26921684
0.26655146
0.27165258
0.26618215
0.2728003
0.25688097
0.2666936
0.27228993
0.26704895
0.27641582
0.26678577
0.28669134
0.26387542
0.27092457
0.27658316
0.2721254
0.26265216
0.26802194
0.27310875
0.26191068
0.26647094
0.2739014
0.26446885
0.26049697
0.2753049
0.29171118
0.27448297
0.2651151
0.27817827
0.26796773
0.26455924
0.26749215
0.2793372
0.2747223
0.2606347
0.34522745
0.32891947
0.2938552
0.294547
0.29353324
0.292441
0.2920561
0.29322627
0.30790073
0.2868494
0.28765127
0.2885832
0.27304426
0.28006688
0.28296414
0.28459406
0.27611083
0.28151834
0.27989313
0.28021535
0.27946305
0.2849118
0.2769268
0.2730952
0.27106324
0.26991197
0.2678885
0.2669756
0.27428463
0.27397037
0.27302477
0.2842412
0.26876885
0.27400225
0.27647862
0.27495414
0.27163944
0.27994916
0.27281538
0.27763325
0.28281373
0.26560676
0.27771896
0.27110308
0.2691092
0.27802092
0.27421492
0.27059737
0.2683656
0.27700537
0.27878213
0.26772964
0.2687736
0.2630543
0.26328287
0.2608496
0.2664808
0.26685426
0.26328668
0.26514968
0.27760822
0.26460558
0.26573256
0.2594879
0.26296735
0.26522928
0.2633446
0.27319863
0.26892716
0.26813728
0.26134032
0.26629102
0.27163476
0.2695729
0.26957625
0.26902464
0.2677231
0.2777408
0.28336108
0.27446523
0.25772887
0.2647557
0.267323
0.27734077
0.26659185
0.28355613
0.27885357
0.2841717
0.27620837
0.2765843
0.26746508
0.2720802
0.26437715
0.2785433
0.26628575
0.28060716
0.2640637
0.28087455
0.26231894
0.26691583
0.26329443
0.28100184
0.2601633
0.27936268
0.30999503
0.27556652
0.28207034
0.2774
0.2741401
0.27252933
0.26648408
0.2866333
0.27543208
0.2772753
0.2770402
0.27001357
0.27123484
0.285687
0.27856523
0.27326673
0.26920605
0.27800968
0.2646317
0.281218
0.27680433
0.26249108
0.26898545
0.2829473
0.27349597
0.28000912
0.2639052
0.2817315
0.27715653
0.28686488
0.27353206
0.28233644
0.29297605
0.28368384
0.27430698
0.27673545
0.27118316
0.27172863
0.27034447
0.27472326
0.26956055
0.267257
0.26658568
0.29770708
0.27464157
0.28588337
0.27481857
0.29045406
0.26710734
0.27448547
0.27002516
0.28303254
0.2797198
0.2737426
0.2739081
0.2668699
0.26410758
0.2677762
0.27633005
0.27419123
0.2738651
0.26838648
0.26420656
0.26900017
0.2688988
0.27683774
0.26628163
0.26385936
0.28831068
0.26244336
0.2667083
0.2679714
0.26733318
0.26825732
0.270894
0.27304256
0.26949888
0.28431126
0.2667057
0.27576125
0.2642218
0.27491263
0.26854602
0.26640978
0.27014002
0.2660885
0.26153907
0.27120543
0.27034327
0.27168044
0.2749087
0.26931107
0.26985338
0.27301317
0.2649853
0.27350867
0.26085633
0.284562
0.2708448
0.26742032
0.26920873
0.26726165
0.26085234
0.26357448
0.26876876
0.27209798
0.26643136
0.26742813
0.26272073
0.25819793
0.26477376
0.26002175
0.27115414
0.27129683
0.28124952
0.26044267
0.26724607
0.26105198
0.26439744
0.26517043
0.27117646
0.26082435
0.2665423
0.26362342
0.2702144
0.27430502
0.27586347
0.26818314
0.27617157
0.27049235
0.268877
0.27978188
0.27048784
0.27188924
0.26951253
0.2679803
0.27623793
0.26300892
0.26522207
0.276328
0.27258474
0.27051613
0.2762356
0.275072
0.27168432
0.2699879
0.279343
0.2708191
0.26573205
0.2740627
0.26697955
0.2696413
0.27064994
0.2693121
0.2652099
0.27044618
0.26950353
0.26676536
0.2777139
0.26624045
0.27631
0.2701083
0.27758762
0.27520213
0.27067375
0.27247033
0.28214103
0.27685833
0.2663989
0.2689532
0.26854476
0.2724576
0.27271545
0.26958916
0.26768
0.27581486
0.2653347
0.26437753
0.27337858
0.26430807
0.2742081
0.26700976
0.2736009
0.27088928
0.27409595
0.26794496
0.26576966
0.2770885
0.26521507
0.27997795
0.2810836
0.28389886
0.26299095
0.26543593
0.26779026
0.26331997
0.27695912
0.2747903
0.2694512
0.26701528
0.2722349
0.2631914
0.27633923
0.27540705
0.2720666
0.27498448
0.26609
0.2672881
0.26519114
0.2722805
0.28526175
0.27198595
0.2735155
0.26901627
0.27138832
0.27585387
0.28442746
0.2711093
0.27055752
0.26456234
0.26564905
0.27071548
0.26972142
0.27322984
0.2794475
0.26995233
0.29609117
0.2874331
0.2944272
0.28208286
0.26631734
0.28017774
0.27190945
0.2788746
0.26546574
0.2722703
0.26798505
0.2684216
0.26955977
0.2678131
0.26342362
0.27930254
0.26920456
0.25840813
0.27005032
0.2683089
0.2668094
0.27741912
0.26756573
0.26413062
0.30223063
0.26323062
0.2704783
0.26229018
0.26188973
0.26226366
0.267583
0.27666533
0.27365473
0.27645287
0.26754674
0.2731002
0.27141201
0.26742548
0.27356067
0.26225716
0.26223502
0.2602186
0.2715118
0.26420277
0.28157043
0.2638739
0.26580855
0.2728292
0.25887814
0.26773676
0.26527482
0.26530442
0.26939502
0.26231372
0.2744507
0.27215388
0.2717712
0.2655939
0.26846477
0.265522
0.26100639
0.26985428
0.2701902
0.28382385
0.31257057
0.28137004
0.2786195
0.2839247
0.27841333
0.2676963
0.27252018
0.26933634
0.27347496
0.2730936
0.26756006
0.26744586
0.27095857
0.26175404
0.27189618
0.27104694
0.2685558
0.26698843
0.2692501
0.26643962
0.27474874
0.26453844
0.2805152
0.26366976
0.26180723
0.26916265
0.26695284
0.2691864
0.26738855
0.2673137
0.27702618
0.27112028
0.2678459
0.27674654
0.2748112
0.26386023
0.26444486
0.2678122
0.26513332
0.27225292
0.28400338
0.26367095
0.27116722
0.2668906
0.2632379
0.2672951
0.27572808
0.27003065
0.26985988
0.2667574
0.2594446
0.26811117
0.26557273
0.2755189
0.27792475
0.2660891
0.27150583
0.2668484
0.27160478
0.26177323
0.2667161
0.2676158
0.2682676
0.26597413
0.2663327
0.26781324
0.26254168
0.27029866
0.26264986
0.26393038
0.26113555
0.26406515
0.2717508
0.2617346
0.2759872
0.2719416
0.26310793
0.26430702
0.2638205
0.2573871
0.27329335
0.26186007
0.27074903
0.27994525
0.26245552
0.26741743
0.2620781
0.26888648
0.26372433
