0.7296542
0.6616111
0.6237571
0.57365537
0.55681527
0.8116305
0.60749483
0.52085745
0.57118946
0.60176224
0.5341715
0.5359216
0.52007776
0.496107
0.5534365
0.4930139
0.4710275
0.4731415
0.45863461
0.46220782
0.5228894
0.50613815
0.46003526
0.45265517
0.4819428
0.4481127
0.4412576
0.45104122
0.45038456
0.44685668
0.45490628
0.4322607
0.44469094
0.45064422
0.42310777
0.42125708
0.4297769
0.42538825
0.47643346
0.43579808
0.49717495
0.45078245
0.42886215
0.42504165
0.47054556
0.42158654
0.41279083
0.4331799
0.5967969
0.4166108
0.42235622
0.4195485
0.40135303
0.4411399
0.4337444
0.45118347
0.39675474
0.39672497
0.43836963
0.44629496
0.40081337
0.40593696
0.3964273
0.42774808
0.40287554
0.39956635
0.42244557
0.40837696
0.50908524
0.37676275
0.4091273
0.37557787
0.4225342
0.4111169
0.49587575
0.35934362
0.3837894
0.36806098
0.3487969
0.3561285
0.3661746
0.36454517
0.36914864
0.35210526
0.36969575
0.3578044
0.33491924
0.3467293
0.33491352
0.3823389
0.37437046
0.3473248
0.36118013
0.33748266
0.46181044
0.40615556
0.3259636
0.35561508
0.34520683
0.32309508
0.33120677
0.32536227
0.34462526
0.3407241
0.3420835
0.3347268
0.32503617
0.32582694
0.31972435
0.34431282
0.32017815
0.33047003
0.33347398
0.32180703
0.36250767
0.32288787
0.32059568
0.3590621
0.36178604
0.3240686
0.31227922
0.32979083
0.3389252
0.324138
0.31175348
0.353696
0.32484365
0.29781786
0.31860003
0.31838414
0.30542856
0.3476651
0.31047785
0.31388992
0.30630997
0.31612447
0.3041068
0.33836386
0.32373115
0.30687034
0.3157341
0.30890417
0.30531248
0.3468691
0.29298025
0.30569655
0.3055847
0.3090874
0.29051343
0.28973696
0.28972933
0.31915933
0.29346648
0.27787238
0.30044907
0.2835937
0.29042342
0.32719845
0.29111293
0.28149375
0.27840325
0.29186073
0.34998888
0.28480685
0.2749409
0.2901271
0.30597407
0.2839602
0.27873284
0.28439486
0.282332
0.29061493
0.27412915
0.27626005
0.2753828
0.27186942
0.27470368
0.27012935
0.29138455
0.2913224
0.27265954
0.29411158
0.2812379
0.27004525
0.27862617
0.2802617
0.28208613
0.282635
0.27132055
0.28889093
0.27347252
0.2635774
0.2836983
0.29179934
0.2860497
0.27380872
0.28275794
0.27518174
0.278734
0.25927377
0.26961562
0.26566687
0.2819171
0.25816822
0.26906088
0.2724483
0.2674943
0.28435463
0.2810637
0.27928883
0.2790218
0.2670693
0.2566493
0.25804538
0.2760672
0.26637587
0.26833454
0.27499905
0.26525757
0.27652976
0.26037255
0.26337558
0.26204425
0.26733235
0.27479652
0.27357465
0.26262304
0.27811205
0.26764792
0.26330346
0.2549743
0.2586273
0.2660052
0.2961039
0.2745889
0.27410802
0.26215193
0.26369977
0.26090428
0.2745643
0.25673154
0.2642711
0.26184797
0.2670909
0.2648173
0.2827263
0.26039723
0.2661208
0.27106914
0.26815185
0.26306635
0.2838155
0.25783998
0.2634238
0.2581321
0.25813797
0.2699019
0.25684246
0.26129493
0.27796555
0.25885686
0.25346455
0.26874173
0.27398962
0.25487983
0.25320688
0.2637489
0.25410536
0.27172554
0.25692075
0.27181083
0.25188068
0.25573775
0.2623223
0.2626585
0.26530024
0.26510537
0.26048717
0.2642736
0.27291834
0.25900722
0.2583868
0.24858628
0.253881
0.25062546
0.2526765
0.2566238
0.25182185
0.24545503
0.24716042
0.25023344
0.25470957
0.24773373
0.24813744
0.24726912
0.2561101
0.2557849
0.2612
0.25004274
0.24381198
0.26077843
0.25017163
0.24814776
0.2565528
0.26507014
0.2503072
0.24278103
0.23657776
0.24364203
0.24249306
0.24831994
0.24123324
0.25076357
0.26918823
0.24605443
0.2592914
0.24791533
0.24736565
0.24861735
0.24982806
0.24996734
0.24796876
0.25317582
0.25374967
0.25128585
0.24494869
0.25651598
0.24419068
0.2535354
0.24186078
0.24228236
0.25299954
0.24928854
0.2523479
0.24286495
0.2497632
0.25154525
0.2576826
0.24617688
0.2474841
0.22640908
0.24784154
0.24246196
0.23986289
0.24736486
0.2432618
0.26045832
0.25919923
0.2477851
0.24063797
0.25570685
0.23878852
0.25184116
0.26082593
0.24422817
0.24632305
0.24182828
0.2497584
0.24991964
0.2599607
0.24221842
0.23725937
0.24297623
0.23918045
0.24002591
0.24078925
0.24294084
0.25893402
0.23749608
0.23793554
0.23743731
0.23549348
0.24215497
0.2438079
0.23755307
0.23417628
0.24526231
0.24610019
0.23918669
0.23816061
0.2405611
0.2380515
0.2338821
0.23275968
0.24711391
0.23545937
0.22901729
0.23908287
0.24198608
0.2317945
0.23834631
0.24120887
0.23650524
0.23135825
0.24105805
0.23669092
0.24695791
0.24392693
0.2321161
0.24326101
0.23423049
0.23851329
0.24299796
0.23443237
0.24091889
0.24344155
0.24223682
0.23226392
0.23786902
0.23628281
0.23821327
0.25084355
0.2401056
0.24044724
0.23886655
0.24085781
0.23715039
0.23148991
0.23922537
0.23345132
0.23582304
0.23805419
0.23737073
0.2332698
0.2333967
0.22847778
0.24025166
0.22919437
0.24115874
0.230729
0.23013207
0.23263457
0.23295358
0.23345973
0.23739526
0.24069174
0.23460475
0.23694912
0.23128678
0.23532471
0.23032676
0.2435395
0.22605073
0.23275167
0.24544129
0.22746241
0.23164341
0.23639195
0.23782234
0.23563947
0.23628536
0.23372014
0.23232445
0.22957127
0.2394625
0.23557356
0.2546462
0.23488449
0.22915797
0.24507038
0.23331991
0.24786524
0.23687047
0.2385728
0.22816962
0.23558208
0.23950838
0.24129222
0.23419984
0.23831098
0.23088212
0.2461071
0.23700637
0.237794
0.23278035
0.23780167
0.24451436
0.24203631
0.23787707
0.23568703
0.23499288
0.24728048
0.23307055
0.24340309
0.23162317
0.23491047
0.23328152
0.24614525
0.2298321
0.22930647
0.23124309
0.24330217
0.2377603
0.23156554
0.23422696
0.25089958
0.23783936
0.25009915
0.2392022
0.24031779
0.23308833
0.23712802
0.23690271
0.22983384
0.24132214
0.24567693
0.2477541
0.22987579
0.23341192
0.23720099
0.2333813
0.2380941
0.2411541
0.23612988
0.23759727
0.24236585
0.24399589
0.2304306
0.23466535
0.2290878
0.23592837
0.23858999
0.22968367
0.22653729
0.23478174
0.22981405
0.23709373
0.23450409
0.22765946
0.23759522
0.23980917
0.23811813
0.24298811
0.23370059
0.23963648
0.24115522
0.23621084
0.23519701
0.23088232
0.2352373
0.23361397
0.23392123
0.2275807
0.23244655
0.23438099
0.24397136
0.23583473
0.23409188
0.23506464
0.22818312
0.23197155
0.24786313
0.23904243
0.23501812
0.23129793
0.23142402
0.23112684
0.2343837
0.23650512
0.24015814
0.24007675
0.23794836
0.23548865
0.23020239
0.23417924
0.23855501
0.24268617
0.2392255
0.22781493
0.226974
0.23221797
0.24513371
0.24532744
0.23718947
0.2381185
0.23733525
0.2385853
0.238798
0.2463006
0.23474696
0.24764286
0.2347064
0.2344097
0.24107735
0.23644766
0.23197733
0.2324096
0.23319422
0.24078594
0.23240034
0.23726742
0.23923054
0.22933371
0.2344311
0.22796777
0.23265511
0.2382703
0.23350875
0.22949468
0.24259023
0.24302864
0.23763864
0.24280037
0.23875387
0.23675117
0.2418553
0.23783946
0.24184437
0.24263781
0.23630962
0.2408668
0.235945
0.23979454
0.23100796
0.23277012
0.2365084
0.23062854
0.2449781
0.23762241
0.23240559
0.22855897
0.22741307
0.22940953
0.23318325
0.23527436
0.22549912
0.23584208
0.23698984
0.23387973
0.23045965
0.22981545
0.23045108
0.23334019
0.23156816
0.2371778
0.23202336
0.23253903
0.23513952
0.233387
0.23251176
0.23426695
0.23754263
0.23942333
0.24285248
0.23949262
0.23518299
0.24170369
0.23383473
0.22896178
0.2425625
0.23733346
0.24378556
0.24529536
0.24201545
0.2384638
0.23840454
0.23528904
0.23709996
0.24207577
0.23037095
0.23565675
0.2303623
0.24690002
0.2390583
0.23543197
0.23027915
0.23977135
0.22931181
0.24107157
0.23827204
0.23823082
0.22712198
0.23364387
0.2368285
0.2453196
0.2412581
0.23567083
0.23981725
0.23797938
0.24104293
0.23673573
0.23728454
0.23541085
0.237648
0.2343072
0.23704897
0.23120654
0.23265025
0.23640388
0.23299761
0.22497998
0.23758611
0.23447418
0.23157485
0.22897893
0.23418342
0.23422095
0.2341066
0.2385811
0.2282774
0.23333557
0.23351663
0.23609133
0.22961022
0.23263936
0.23749588
0.2389463
0.2366619
0.23188938
0.23285876
0.23391007
0.23651399
0.2323951
0.2349112
0.23941001
0.23322643
0.23677854
0.23332117
0.23104496
0.23046526
0.23817742
0.23609556
0.24105175
0.2320523
0.23738354
0.23900127
0.22769305
0.22846195
0.24456535
0.2334485
0.23802572
0.23922697
0.22923368
0.23197164
0.23029369
0.22958301
0.24676795
0.23628396
0.22906928
0.24358484
0.23072419
0.24476139
0.2363683
0.23011282
0.23550653
0.23119186
0.2379143
0.23182777
0.24174905
0.24254921
0.23266935
0.23462334
0.23899221
0.23066865
0.23540017
0.23878735
0.23217624
0.23822886
0.23512036
0.24218138
0.23187551
0.23856612
0.24169199
0.24453926
0.23124596
0.2352696
0.24545401
0.23756656
0.23693149
0.23143397
0.2337206
0.2362627
0.23918526
0.23773375
0.23232144
0.23853512
0.23060031
0.23385961
0.23635043
0.23690242
0.23529609
0.23874742
0.23321566
0.23589939
0.24284317
0.23527928
0.24387075
0.24021572
0.24021807
0.2472298
0.23495172
0.2316713
0.23538888
0.23517558
0.23808947
0.23295039
0.24033006
0.2344467
0.2325567
0.2376447
0.2426337
0.23766886
0.23578994
0.23546068
0.23958443
0.2418108
0.22811022
0.23176342
0.23944412
0.22397436
0.23078214
0.23079407
0.2269278
0.22798006
0.23702835
0.23254369
0.2288293
0.23246221
0.23627955
0.23278062
0.23337476
0.22973295
0.23799275
0.23511574
0.23009074
0.2376185
0.23460387
0.23528978
0.23131984
0.23440896
0.23261659
0.23208971
0.2332027
0.23380896
0.2375977
0.22794768
0.2322365
0.24569309
0.23770134
0.2292832
0.2331236
0.23277327
0.23024431
0.23592189
0.23402095
0.23844332
0.23735602
0.23437352
0.23450738
0.23569497
0.2301118
0.23646569
0.23065297
0.23122208
0.23211294
0.23559643
0.23219655
0.23646852
0.2376409
0.2370408
0.2399451
0.23577377
0.2395863
0.23880221
0.23604822
0.23612186
0.24173617
0.24374253
0.23402733
0.2344144
0.24229366
0.23749663
0.23392631
0.22740677
0.2425614
0.23871869
0.23211633
0.23797272
0.2360901
0.23714283
0.2346826
0.23197524
0.2392246
0.23219587
0.23213018
0.23399206
0.23463738
0.2294556
0.23006444
0.23345475
0.2318593
0.23425704
0.22973268
0.23207088
0.22917049
0.22752506
0.23306412
0.23232713
0.23574916
0.23312846
0.23475496
0.23702253
0.23606165
0.23401159
0.23244806
0.22915098
0.2344721
0.22881436
0.23830117
0.23497081
0.23332235
0.23179926
0.2335011
0.2317945
0.23243934
0.23287874
0.23723868
0.23843841
0.24456978
0.23719662
0.233034
0.23333186
0.23106454
0.23142862
0.24097365
0.24364431
0.23246053
0.23660418
0.23461857
0.22924665
0.23512447
0.23439598
0.23124519
0.23939131
0.2285629
0.23539247
0.23656157
0.2335843
0.22930335
0.22722593
0.23494835
0.23152171
0.2393255
0.23885353
0.24329892
0.23275909
0.23648834
0.23686445
0.23684306
0.24070005
0.23177026
0.2344991
0.2333583
0.23637457
0.23083073
0.23185079
0.23931348
0.23711441
0.23549077
0.23311166
0.23564182
0.24402861
0.2337972
0.23206298
0.23654681
0.23678653
0.23278357
0.23709486
0.23644732
0.24200621
0.24172166
0.23277324
0.23127845
0.23464553
0.23688789
0.23719704
0.22859883
0.23279275
0.23978983
0.23763204
0.23506565
0.23515701
0.23643519
0.24250175
0.23982188
0.23423934
0.23022519
0.23089652
0.23815885
0.23483737
0.24017258
0.237133
0.23847179
0.23411548
0.25040957
0.2322953
0.23592061
0.23875892
0.2344391
0.24316865
0.23632547
0.23606314
0.23568009
0.23840307
0.24373125
0.23633896
0.23659763
0.23678377
0.23709914
0.23263906
0.23415986
0.235228
0.23455073
0.23449768
0.23244584
0.23267025
0.23193114
0.2369491
0.23224252
0.2341573
0.23589262
0.23172578
0.23421092
0.2326805
0.24512482
0.23573047
0.23375103
0.2330723
0.23344912
0.23370151
0.23717521
0.23529589
0.23730606
0.23879637
0.23543802
0.23234674
0.23892368
0.23723298
0.24189116
0.23630574
0.23350625
0.23545568
0.23959073
0.2409099
0.24087255
0.2297734
0.22863245
0.23437177
0.24272026
0.23768456
0.24221008
0.23797432
0.23978484
0.22812378
0.23683213
0.22885394
0.22677992
0.23827326
0.23805529
0.23097049
0.23932423
0.23551536
0.23251885
0.2290948
0.23349637
0.23260216
0.23603566
0.23823068
0.23485394
0.23482695
0.23409021
0.2355319
0.22947721
0.23691137
0.23688686
0.23717731
0.235107
0.23671865
0.23640208
0.23524496
0.23708099
0.22929083
0.23201099
0.23492804
0.23534833
0.2357964
0.23341882
0.23523884
0.2410461
0.24504408
0.23272912
0.23563804
0.2379704
0.22979093
0.23346455
0.22993436
0.23690374
0.22979394
0.2360279
0.23483612
0.23698007
0.23583774
0.23241013
0.2289603
0.2294748
0.23190472
0.2439869
0.2401659
0.2373901
0.23135442
0.23264095
0.23716705
0.24285024
0.23823512
0.23889236
0.23888253
0.24271725
0.24014851
0.24751121
0.24816072
0.23677933
0.24184008
0.24224222
0.23737882
0.23954551
0.23622417
0.23820676
0.23739277
0.23983441
0.24320967
0.23556127
0.23419696
0.23802346
0.24527057
0.23463348
0.23691942
0.23927858
0.22924471
0.2352607
0.23843175
0.23675732
0.23776531
0.24766691
0.22975962
0.23379116
0.22536963
0.23467565
0.23321076
0.23721704
0.23048405
0.23021206
0.23931985
0.23942384
0.2451713
0.23707688
0.23533694
0.23538812
0.23226091
0.23106901
0.23832339
0.23630518
0.22968163
0.23869972
0.23851378
0.23859218
0.24201463
0.24231349
0.2409895
0.23018602
0.23315823
0.23436934
0.23853238
0.24253754
0.23099141
0.2304341
0.23232904
0.23184575
0.23351277
0.22795384
0.23509458
0.23037755
0.23280217
0.23163126
0.23691763
0.23552951
0.23166671
0.23406021
0.2345518
0.22816475
0.24499127
0.2403831
0.23607929
0.23196891
0.23556145
0.23474184
0.23271202
0.23414344
0.23304701
0.23736995
0.23571335
0.23886472
0.23439951
0.23377539
0.22995609
0.22809753
0.23843008
0.23790336
0.2369309
0.23132202
0.22880828
0.2349767
0.23704128
0.2393279
0.24119417
0.23712078
0.23542716
0.2440026
0.23759508
0.23816492
0.23650502
0.24055132
0.23780723
0.23987383
0.2323773
0.2279179
0.23923007
0.2380792
0.23200436
0.23212585
0.22959279
0.23279853
0.23476414
0.23944949
0.23114872
0.23067534
0.2291559
0.22960505
0.22737649
0.22982424
0.23226567
0.24376966
0.23624177
0.2340496
0.22428359
0.22987431
0.22883949
0.23533057
0.2407317
0.23984846
0.229701
0.23444758
0.23417902
0.23299031
0.23369046
0.2366194
0.22935343
0.22835149
0.24116974
0.24344082
0.23812044
0.23543875
0.23376396
0.24112177
0.23761062
0.23686555
0.2393326
0.23693927
0.23507918
0.2365358
0.2328064
0.23690575
0.23799181
0.23221134
0.22690645
0.23180583
0.23294376
0.23269862
0.233195
0.23328601
0.23375556
0.23489417
0.23355103
0.23210472
0.23845342
0.23329349
0.23144686
0.2321404
0.23622385
0.23106654
0.2299916
0.23399241
0.2260179
0.231697
0.22937962
0.23249304
0.22634503
0.22541328
0.22834603
0.22911978
0.22799727
0.22548307
0.23088072
0.229817
0.22914343
0.23421957
0.22603644
0.22404543
0.23459367
0.23579228
0.23292477
0.23011976
0.23091413
0.23121579
0.22878416
0.22794886
0.2276385
0.22796807
0.22860694
0.23223376
0.2322625
0.2342715
0.2332321
0.23315556
0.23339382
0.22619195
0.23348112
0.23405491
0.23301174
0.23356237
0.23032728
0.23440926
0.22928986
0.22662428
0.23123154
0.23572023
0.22892433
0.23053658
0.23669414
0.23688371
0.2263608
0.23611288
0.24367964
0.24018931
0.23323923
0.23303455
0.23128079
0.24009626
0.23452786
0.2322012
0.22975713
0.23264022
0.23653947
0.23498224
0.22827497
0.23112167
0.23207313
0.23347475
0.23290129
0.23477674
0.23735382
0.23210794
0.23475009
0.23479807
0.23181178
0.22916251
0.23624471
0.23250341
0.23396285
0.23731923
0.22977246
0.22988614
0.24077219
0.22909075
0.2300861
0.2283261
0.22783661
0.23614274
0.2279042
0.22960646
0.22821537
0.23644818
0.23737556
0.2331228
0.23632666
0.23244345
0.23133372
0.2359678
0.2363318
0.23802297
0.22959799
0.23300411
0.23539959
0.23931266
0.23145476
0.2370359
0.23613259
0.23458496
0.2453302
0.23373088
0.23349714
0.23661736
0.23398654
0.23352222
0.2447219
0.23033157
0.23601441
0.23743731
0.2358229
0.23352642
0.23261529
0.2401137
0.23703864
0.2323754
0.2326048
0.23010987
0.23954864
0.23211303
0.2295477
0.2325651
0.23790675
0.23691842
0.23582095
0.23649111
0.23445725
0.23204644
0.23265159
0.2381991
0.22975108
0.23189925
0.23318031
0.230139
0.23563072
0.23550786
0.23264931
0.23373884
0.23916364
0.23823138
0.23401454
0.23257174
0.23357579
0.2341777
0.22637182
0.2343429
0.23422563
0.23477855
0.23583218
0.23211744
0.23461358
0.22694705
0.22589846
0.22844
0.2265577
0.22461182
0.23283318
0.22871639
0.22819851
0.22778638
0.22496824
0.22129188
0.22439833
0.22805081
0.2265896
0.22854754
0.2298707
0.22902735
0.22516388
0.22560489
0.225319
0.2224752
0.2271855
0.23674431
0.23275426
0.22381571
0.23352636
0.2339301
0.2320295
0.23066063
0.23442155
0.23950225
0.23725937
0.23952128
0.23455869
0.24559282
0.234101
0.23585252
0.23215474
0.23400086
0.2277647
0.23320046
0.23451084
0.23488425
0.23878838
0.23648442
0.23969401
0.23529796
0.2294899
0.23091893
0.23238043
0.2334725
0.23228453
0.22525586
0.22916126
0.23335743
0.23083521
0.23346815
0.23251955
0.23116493
0.22838071
0.23161456
0.22918814
0.23284976
0.23239805
0.23131585
0.23001823
0.2273575
0.24480562
0.22905193
0.22877243
0.22679344
0.2310733
0.22342797
0.22817051
0.23333621
0.22991668
0.23124325
0.23095873
0.23210594
0.23074788
0.2293336
0.22960654
0.2318733
0.22681458
0.22585607
0.23156339
0.22406249
0.22519898
0.22831857
0.23697008
0.23155016
0.23308945
0.22826146
0.22326198
0.23125337
0.23375595
0.2322327
0.22783844
0.22902463
0.2272606
0.23301847
0.23293364
0.23759341
0.2318217
0.23299664
0.2373983
0.23810415
0.23343593
0.23784132
0.23000582
0.23205596
0.22845386
0.23100846
0.23175965
0.22757335
0.23614913
0.23292966
0.23608668
0.2219785
0.23265885
0.2288709
0.23460059
0.23921214
0.22926803
0.23308581
0.23527597
0.23698534
0.22987732
0.22982828
0.22866118
0.23529018
0.23740624
0.22895215
0.23424831
0.23209956
0.23289286
0.23065287
0.23227704
0.2304193
0.22674806
0.23310995
0.2409408
0.23732716
0.23056816
0.23141381
0.23288539
0.23272255
0.23102944
0.2278094
0.22781843
0.22539662
0.22990747
0.23076268
0.23101325
0.23439303
0.23594414
0.23494051
0.23389114
0.24233031
0.24024923
0.23195627
0.23156315
0.2308327
0.23587134
0.23607144
0.23283805
0.23901394
0.23583677
0.23074095
0.2390737
0.22798297
0.2289771
0.23299743
0.23076926
0.22733259
0.23104328
0.22900659
0.23282352
0.23328389
0.23635761
0.22593649
0.22658633
0.23037896
0.23133098
0.23073472
0.23283131
0.22762808
0.22585163
0.23095551
0.23436469
0.22993168
0.22996686
0.2319402
0.22846407
0.22508179
0.23536573
0.22834943
0.23035793
0.23015048
0.22643758
0.23328002
0.23062319
0.23080485
0.23465508
0.23274708
0.23554441
0.2277067
0.23157415
0.2309172
0.22881879
0.23163988
0.23860803
0.23351507
0.2320999
0.22993192
0.2270155
0.22660784
0.22222716
0.23045164
0.2280669
0.22503026
0.23402107
0.23220713
0.22886288
0.2316374
0.23233843
0.22983284
0.23076083
0.23070775
0.23649701
0.22316161
0.2330819
0.23509468
0.22778443
0.23569226
0.22419927
0.2295385
0.23104186
0.23229666
0.23965809
0.23091961
0.23493001
0.23116097
0.22939683
0.23229572
0.22959967
0.23670956
0.23899864
0.23381178
0.24380657
0.23573007
0.2312969
0.23608606
0.23415545
0.2254715
0.23027073
0.23301739
0.23629862
0.23378175
0.2306996
0.22608143
0.23294412
0.2364665
0.22911201
0.22873689
0.2309842
0.22699165
0.22612622
0.2307592
0.2296842
0.22779857
0.23353362
0.23701395
0.23050988
0.233919
0.2325127
0.2323585
0.23269337
0.227411
0.23341966
0.23274758
0.23690529
0.24207686
0.23418966
0.23528871
0.23488942
0.23380582
0.23696862
0.22938488
0.23317038
0.23749381
0.23148282
0.2260429
0.234591
0.2275596
0.23334226
0.23130332
0.2335556
0.2353322
0.23278816
0.23298681
0.23045287
0.23030952
0.22731534
0.23584314
0.2300338
0.22621106
0.2263982
0.22685044
0.22786422
0.23096761
0.22859181
0.22786534
0.2296095
0.23112325
0.22479632
0.22673018
0.23076406
0.23443167
0.22650467
0.22809955
0.23436749
0.23174587
0.22298154
0.22538228
0.22684637
0.23013146
0.23445223
0.22925448
0.23270027
0.23162849
0.22938722
0.23193382
0.23336415
0.22789481
0.23833743
0.231058
0.22410649
0.23355545
0.22968772
0.23358256
0.23303254
0.23322265
0.23071525
0.22744335
0.23595311
0.22897515
0.23330234
0.22797048
0.23792268
0.22718267
0.23002921
0.22502738
0.22758283
0.2291494
0.2373615
0.23386477
0.22254843
0.23127541
0.22791176
0.23246141
0.22880726
0.22596586
0.22505988
0.23185274
0.22772796
0.22774649
0.22789079
0.2330964
0.22948271
0.22943324
0.24658991
0.2375641
0.23536898
0.23632467
0.2364766
0.23049754
0.2316157
0.23250966
0.23625918
0.23271763
0.23995258
0.2317806
0.23782949
0.23324887
0.24105774
0.22389267
0.2350289
0.2271525
0.23380822
0.23002258
0.22724447
0.23056163
0.23189394
0.2297446
0.22699632
0.23178439
0.23147891
0.22735855
0.23458484
0.23153763
0.23125115
0.23037747
0.2308495
0.22493894
0.2337091
0.22827652
0.23252654
0.23061828
0.23245233
0.22767448
0.23315334
0.22810261
0.23179787
0.2319552
0.2290746
0.23346423
0.23113658
0.22754356
0.23111558
0.23277277
0.23683289
0.23134077
0.22774132
0.22712079
0.2310896
0.2338717
0.22747934
0.23244782
0.2308892
0.23349531
0.232613
0.23675527
0.24429148
0.22934434
0.23424238
0.22892301
0.22932981
0.23296964
0.22932981
0.23105335
0.22962353
0.24669027
0.2309494
0.22493313
0.23058498
0.2280494
0.2295703
0.2265496
0.22736919
0.23550329
0.22638273
0.2284375
0.22718368
0.23494714
0.23384836
0.22952084
0.23422962
0.23388259
0.23202117
0.23184513
0.23074223
0.22626808
0.2270483
0.2273273
0.23382041
0.23443393
0.24077307
0.23877825
0.23134707
0.2290409
0.2267316
0.23209816
0.25284436
0.23350091
0.23240626
0.23117793
0.2283942
0.22955598
0.22665156
0.22873849
0.22392523
0.22907773
0.23583291
0.23264933
0.23457168
0.23572837
0.23173262
0.2315186
0.2331067
0.22888908
0.23799755
0.23975483
0.23522018
0.23341979
0.23089118
0.23387818
0.23245952
0.24355619
0.23000728
0.23493285
0.22863019
0.23035762
0.22789983
0.23325501
0.23118778
0.23269229
0.22759143
0.22856815
0.23233303
0.2325951
0.22753143
0.23351708
0.23057818
0.23125893
0.22947904
0.23557565
0.22987548
0.23033094
0.23360899
0.23048979
0.22747913
0.22875753
0.22697066
0.23172106
0.23646516
0.23365396
0.23238707
0.23646149
0.23282847
0.23188537
0.22969568
0.23226228
0.24012707
0.23248069
0.23548935
0.22732407
0.23722975
0.22264822
0.22747327
0.23346364
0.22640403
0.23169279
0.23214997
0.23262227
0.22675091
0.230048
0.2245507
0.2285369
0.22692315
0.23005342
0.22293738
