0.7277865
0.7233086
0.6566684
0.6214389
0.59620625
0.63805956
0.5559646
0.55340093
0.6255399
0.5174856
0.55850595
0.5103681
0.4946271
0.49442768
0.49872684
0.5130573
0.5068443
0.4779257
0.48040095
0.4814509
0.48371905
0.46064606
0.4725489
0.45725313
0.4551546
0.4918598
0.5106855
0.43758506
0.43460032
0.47962248
0.436449
0.48016152
0.43176398
0.43278435
0.50433105
0.44225734
0.45535123
0.4257469
0.42522278
0.45929897
0.46522224
0.43015224
0.40057498
0.40682173
0.42609027
0.43545195
0.4789528
0.4005426
0.39530876
0.3947256
0.3920686
0.39506924
0.4677158
0.38114697
0.40058354
0.39383507
0.4116532
0.39981773
0.40768987
0.38450527
0.37579116
0.3516433
0.3705368
0.35201707
0.451748
0.43952933
0.3663412
0.35050035
0.3567429
0.34601364
0.34644026
0.33958027
0.3709334
0.35156286
0.36794126
0.358541
0.3316989
0.33878362
0.33686376
0.33305606
0.354162
0.32933316
0.33690372
0.3370615
0.32841644
0.325777
0.35771918
0.3578751
0.34218064
0.33845347
0.32176855
0.33356237
0.34069055
0.34316614
0.33439705
0.35311052
0.36623266
0.3167204
0.31540743
0.31454375
0.3257427
0.32026687
0.32803282
0.34489992
0.3028695
0.32280132
0.3902225
0.30440307
0.3292664
0.3353788
0.31343216
0.3032937
0.3372491
0.30900648
0.30661312
0.3195205
0.30814412
0.29677334
0.3261594
0.30079755
0.3222481
0.31793624
0.3006741
0.30712247
0.31023875
0.29217935
0.30295977
0.29224837
0.30162668
0.29346436
0.30118012
0.29157487
0.31470373
0.29104763
0.28467846
0.29160446
0.28560948
0.28922963
0.3001016
0.29168394
0.2931741
0.2825839
0.28359747
0.28055245
0.30056733
0.2886369
0.2834901
0.289258
0.27848366
0.29037732
0.30824223
0.29137626
0.2923001
0.28183776
0.28876454
0.28853324
0.28121054
0.30420348
0.30393592
0.27906275
0.2737769
0.3056797
0.27768442
0.28207582
0.27803054
0.280892
0.3150402
0.2711493
0.26979914
0.27306527
0.26663187
0.28218567
0.28138503
0.27865198
0.2760448
0.2737935
0.27821836
0.26611564
0.2720818
0.27556232
0.2657781
0.2762612
0.2668533
0.28607225
0.27096918
0.2672067
0.25889456
0.2682417
0.26567635
0.27900115
0.27651152
0.27629617
0.27164507
0.27160087
0.27054447
0.26480716
0.26292035
0.28242415
0.26139244
0.26388255
0.2625857
0.28365737
0.27243778
0.27145484
0.26557595
0.28603727
0.2768978
0.27257743
0.27818564
0.27737382
0.27673468
0.28256923
0.26784274
0.25963295
0.27690655
0.27101132
0.2663734
0.25979427
0.2764468
0.26782492
0.26251653
0.26384053
0.26541543
0.28930157
0.2742326
0.2643056
0.28117308
0.27948558
0.2659395
0.2663995
0.2648126
0.2645605
0.2651786
0.275946
0.29460934
0.26585007
0.26799628
0.24848716
0.26739365
0.2645062
0.26293892
0.2654368
0.25350028
0.26470438
0.2800125
0.2617625
0.26155466
0.26099032
0.2581902
0.26959294
0.25617734
0.25736672
0.25977662
0.26898804
0.26064876
0.2706914
0.26194113
0.27173123
0.26282033
0.26804906
0.27457172
0.27482978
0.26588055
0.2758338
0.2708553
0.2644837
0.2540526
0.26254377
0.26248246
0.2585706
0.2653272
0.2677704
0.2700065
0.26761374
0.2685508
0.27864867
0.2704486
0.27027094
0.27069646
0.26828834
0.2674043
0.25784495
0.27100867
0.25381327
0.25793397
0.27384785
0.25996494
0.26180744
0.26508698
0.26523453
0.26237714
0.2623256
0.26022547
0.25873286
0.26830104
0.26490855
0.26727784
0.2656666
0.25764105
0.2648404
0.2626564
0.26016402
0.26866373
0.26014942
0.25838575
0.2665968
0.257848
0.25591633
0.26342523
0.26658425
0.2713182
0.26547414
0.2658893
0.26776987
0.26849768
0.25831264
0.265816
0.2612077
0.26279432
0.26605672
0.2737549
0.2693518
0.25801373
0.26756477
0.25790936
0.26297548
0.26702034
0.26803634
0.2715118
0.27004692
0.27059346
0.26708537
0.27407858
0.26143476
0.26722926
0.25862297
0.2682281
0.26462308
0.2589675
0.26842162
0.2565786
0.26350242
0.26677892
0.2576253
0.27002057
0.26072118
0.27637804
0.26599392
0.26634127
0.26635334
0.26827765
0.26406902
0.26048505
0.25945142
0.26028123
0.25539672
0.26478148
0.25166735
0.26788726
0.2662675
0.25601527
0.26068166
0.25643763
0.25635812
0.2620919
0.2669567
0.26628846
0.26335302
0.2612239
0.26001912
0.2600644
0.25878167
0.26409382
0.26821873
0.25646785
0.26280466
0.25337788
0.25216842
0.2544528
0.25495383
0.24985994
0.2568624
0.25389463
0.24538451
0.26499525
0.25957447
0.26216674
0.25900248
0.26677728
0.26217625
0.24637915
0.2565888
0.2668435
0.25743666
0.2696371
0.27392003
0.2595576
0.25260326
0.262259
0.25869396
0.2703312
0.2565983
0.26397416
0.2664259
0.2596997
0.2543324
0.2633237
0.2565271
0.26517656
0.25346652
0.25465643
0.25835964
0.2773679
0.25516695
0.2590206
0.25332776
0.24942856
0.279448
0.25725472
0.25703698
0.2547907
0.25529727
0.26093307
0.2564316
0.24928407
0.25826246
0.25264326
0.26663256
0.25420374
0.25673762
0.26304784
0.2599998
0.25909552
0.25777435
0.25490433
0.24726717
0.25804654
0.24613546
0.2569682
0.2588353
0.24826834
0.2555461
0.25431532
0.25719246
0.2543226
0.25076702
0.24837315
0.25337622
0.27381045
0.26299855
0.25411403
0.2534415
0.25596678
0.25307313
0.2605009
0.25221023
0.24838117
0.25499156
0.26005378
0.2618215
0.24932085
0.24738029
0.25621656
0.2703394
0.25838715
0.24938644
0.26368558
0.25666913
0.26152238
0.26568884
0.26513624
0.26024643
0.26680377
0.26018667
0.26000136
0.25014508
0.2691461
0.2577564
0.2571245
0.25754422
0.2586301
0.25651726
0.26239964
0.25941455
0.2533095
0.25670835
0.257118
0.2522804
0.25224668
0.25948706
0.25774732
0.25941038
0.2577724
0.25578573
0.25504506
0.26784676
0.2601138
0.2517995
0.25926954
0.2548173
0.2516462
0.25137693
0.25178444
0.25611055
0.26593062
0.25629842
0.2641708
0.25179717
0.24710944
0.2472104
0.25697017
0.2502879
0.25086838
0.24338734
0.24439457
0.251547
0.24881776
0.25390965
0.24602984
0.24719232
0.26059955
0.2527967
0.2507837
0.2469617
0.25064507
0.25909767
0.26090854
0.26284257
0.25502092
0.25475457
0.2545847
0.25346488
0.2513339
0.2543052
0.25038967
0.25095996
0.24999075
0.25561017
0.25551665
0.25350225
0.2489287
0.2553364
0.25213423
0.24603057
0.25176656
0.25854862
0.25691807
0.25376877
0.24715444
0.2489276
0.25461543
0.26556802
0.259345
0.2526109
0.2613618
0.24632493
0.25248358
0.2603349
0.2517509
0.25417167
0.2551493
0.2596631
0.25621113
0.2568267
0.2541013
0.25192803
0.24754782
0.25001937
0.25856552
0.25513715
0.2502132
0.2581229
0.2533111
0.25080892
0.24858934
0.25263807
0.25312608
0.2585421
0.2562916
0.26218417
0.25123897
0.25057858
0.2595726
0.2559171
0.26125446
0.250801
0.25505435
0.26630497
0.25646794
0.2638184
0.25265875
0.2610639
0.2595018
0.25532073
0.2521432
0.2506369
0.24848573
0.25765213
0.25348887
0.25511175
0.24806103
0.25396025
0.25113958
0.2529714
0.248726
0.2525827
0.24901639
0.25237986
0.25891426
0.25759107
0.26121494
0.25305262
0.25178507
0.2583501
0.25532016
0.2479102
0.25162065
0.25740618
0.25974083
0.2550376
0.2539056
0.25432175
0.25049233
0.26096016
0.25468746
0.2580334
0.2617678
0.25361866
0.24803627
0.25691187
0.25856775
0.25265217
0.2522428
0.2570141
0.27338883
0.25731775
0.2520097
0.25996688
0.26678878
0.25559008
0.2505331
0.25447902
0.2510776
0.25316086
0.25341704
0.2680259
0.25509498
0.2537436
0.2591848
0.2547042
0.25223607
0.2536912
0.2766515
0.24934174
0.25387058
0.24914567
0.24883188
0.24450703
0.2484235
0.26057678
0.2531305
0.2497682
0.24552247
0.25120845
0.2615511
0.24868843
0.2568485
0.24854638
0.24820614
0.24508765
0.25546178
0.25066823
0.24821354
0.24921615
0.2482101
0.2467879
0.25328952
0.2537807
0.25611264
0.25485703
0.25532606
0.2611765
0.24664737
0.24945928
0.25651076
0.25140598
0.2512712
0.2512267
0.251388
0.25588152
0.25300723
0.25663677
0.2535552
0.25106153
0.25046536
0.2518087
0.24279164
0.24798465
0.2515059
0.25448322
0.24914923
0.25824568
0.2540989
0.26120478
0.25697196
0.2615086
0.2741715
0.25767493
0.25843218
0.24815448
0.25567845
0.25455776
0.25692603
0.2546
0.24921666
0.26549694
0.24835847
0.25700402
0.26230988
0.255258
0.25026155
0.24891989
0.25913164
0.25861156
0.26023945
0.25046182
0.25715432
0.24914663
0.26030126
0.24761198
0.27060294
0.2534321
0.25081208
0.24954551
0.24906063
0.25901276
0.26054686
0.25352973
0.25983664
0.24693894
0.25442028
0.26039168
0.26169798
0.2481369
0.24977592
0.24994841
0.2529919
0.24995145
0.25790924
0.25065392
0.25569248
0.248549
0.25063372
0.25127167
0.24854065
0.24881776
0.24756956
0.24464402
0.2499193
0.24210685
0.24369477
0.24856329
0.25062144
0.25346234
0.26041546
0.2559343
0.25379494
0.24448477
0.24715939
0.241749
0.24583778
0.24672918
0.2470194
0.2475471
0.25064743
0.24609685
0.25580928
0.24652895
0.25095105
0.25629377
0.257961
0.25527182
0.24878114
0.24557616
0.2463756
0.24689803
0.24375443
0.24575594
0.2525175
0.2492897
0.24010777
0.2445472
0.25708187
0.24277423
0.25913495
0.24566789
0.2492033
0.2501811
0.25654846
0.25656384
0.24702735
0.24578726
0.2548693
0.24789649
0.24454565
0.24524401
0.25270697
0.24592093
0.25415015
0.2483854
0.26470163
0.24185549
0.24745755
0.25651696
0.23908052
0.24632156
0.24935788
0.24659392
0.25324097
0.25116962
0.2458175
0.25914448
0.24888138
0.24795367
0.2586064
0.25431326
0.25709426
0.24782543
0.25178215
0.25559366
0.25431782
0.24745959
0.2478581
0.25614095
0.24876755
0.24960506
0.25023103
0.2816496
0.24855314
0.2577085
0.2582462
0.2484058
0.25171834
0.24872722
0.24702875
0.2514171
0.24773999
0.24862328
0.25240195
0.2447318
0.25598028
0.25446764
0.25086418
0.24302489
0.2456439
0.24203506
0.24294946
0.24993843
0.24919897
0.25696474
0.25876188
0.2452867
0.24293049
0.2470279
0.25178665
0.24714497
0.25130138
0.24709022
0.25301403
0.2558119
0.24649307
0.24834612
0.24813692
0.2528532
0.24591777
0.2543594
0.24624348
0.25822222
0.24962737
0.2571196
0.25265244
0.25741646
0.2478766
0.24761009
0.2522783
0.25274715
0.26249874
0.2588523
0.25118992
0.24833561
0.24630447
0.24423124
0.24700388
0.24515982
0.24732487
0.25302443
0.2510582
0.25462952
0.24205352
0.25288174
0.24671316
0.25224462
0.24743463
0.24807431
0.24447446
0.24746495
0.24914548
0.24853218
0.25264663
0.24527648
0.2507885
0.25952837
0.24720058
0.24677125
0.24745332
0.24706514
0.24590194
0.24088398
0.23902914
0.24814278
0.2422715
0.24325052
0.24400824
0.24458288
0.25237107
0.24475425
0.24706565
0.24699937
0.24898478
0.24415135
0.24676278
0.24512263
0.24664213
0.25097162
0.25016627
0.24920215
0.24770293
0.25323105
0.24646789
0.2488833
0.24385443
0.2413133
0.24791916
0.24244869
0.24987039
0.24644178
0.24542184
0.25506705
0.25719303
0.25691053
0.24720843
0.25312054
0.24299559
0.24684283
0.2706092
0.25362396
0.25384676
0.24729703
0.24665593
0.24939513
0.24305235
0.2517043
0.2464354
0.2556214
0.25395504
0.2618057
0.24794511
0.2533267
0.2502621
0.24460766
0.25409815
0.24827524
0.24954109
0.24304971
0.24738286
0.2513328
0.25319314
0.2500295
0.2482541
0.24346863
0.24365227
0.24826977
0.24728768
0.24013504
0.2512176
0.24578479
0.25534493
0.24964236
0.25170162
0.25196764
0.2519007
0.2589628
0.24615403
0.2588255
0.24669783
0.2486362
0.24777764
0.2424428
0.24494776
0.25054017
0.2503413
0.24447212
0.24764507
0.24874362
0.24271402
0.24474369
0.2418154
0.24846774
0.24833514
0.2460255
0.24813974
0.24797592
0.24586868
0.25060374
0.24623181
0.24168488
0.25595805
0.24892427
0.24333803
0.2443521
0.24586713
0.24470411
0.2524511
0.2508324
0.24411397
0.24832869
0.24770936
0.24185446
0.25093463
0.23965117
0.2538087
0.24291478
0.24216774
0.24512736
0.24241382
0.24719188
0.24706669
0.24314755
0.24002148
0.24188386
0.24788935
0.24962305
0.25170797
0.23913369
0.2425276
0.24574639
0.24645488
0.24526212
0.24476
0.24731441
0.24732113
0.24205944
0.2526031
0.24678123
0.24107757
0.24195671
0.24587667
0.24406722
0.2440724
0.24667478
0.24610591
0.24719813
0.250517
0.24405721
0.24336208
0.24172682
0.2413635
0.24735561
0.2470203
0.2437695
0.2463487
0.24587649
0.24565347
0.24701613
0.24624608
0.24151665
0.24533062
0.24200258
0.23968244
0.23921134
0.24679796
0.24422401
0.24397147
0.24104051
0.23707901
0.24089144
0.2394665
0.24602039
0.24240845
0.23947303
0.24301198
0.2442428
0.2483867
0.24720503
0.24565464
0.24154428
0.240539
0.24410492
0.24474545
0.23805676
0.24420013
0.2450065
0.2496457
0.2597841
0.24546705
0.25123522
0.24536575
0.24697357
0.25307095
0.25782096
0.24376526
0.24558713
0.24342129
0.24254426
0.24873888
0.24024197
0.24768037
0.24391577
0.25534102
0.2470344
0.25341228
0.24768703
0.24277094
0.24731687
0.2518271
0.2499772
0.246355
0.24847263
0.24090734
0.24412018
0.24303377
0.25160503
0.25158042
0.24969444
0.2497019
0.24690877
0.2450424
0.24690011
0.2530608
0.25024384
0.2423831
0.2519298
0.24968573
0.24674751
0.24911806
0.2530773
0.24878974
0.25307027
0.2519836
0.26048946
0.2506749
0.2435393
0.24400294
0.24939404
0.2403895
0.24790263
0.24746631
0.24513672
0.24567647
0.2469476
0.24816842
0.24730842
0.24193352
0.24814925
0.24623732
0.24951187
0.24766986
0.24710652
0.24540979
0.24778998
0.25200233
0.2518567
0.24846373
0.24773379
0.24831194
0.2447685
0.24140915
0.2489631
0.24511454
0.24541022
0.24366201
0.24443884
0.24737383
0.25130197
0.25372574
0.25151297
0.24404088
0.24997494
0.24044293
0.24465373
0.24704814
0.244859
0.2509861
0.25070456
0.2427129
0.24487619
0.24704069
0.24521448
0.24942894
0.25515985
0.24514498
0.24320452
0.2449298
0.24814142
0.24190836
0.24865548
0.2463278
0.24227871
0.2486202
0.24111293
0.23975573
0.24853954
0.24920376
0.24177518
0.24348396
0.24132958
0.24680607
0.24437581
0.25004432
0.24311908
0.24823985
0.24420393
0.25075075
0.25734007
0.24609382
0.24672753
0.25006026
0.24636564
0.24682106
0.24141748
0.2456531
0.2538013
0.25016728
0.24756189
0.24753444
0.24071302
0.24287915
0.24354152
0.24245173
0.2471133
0.24742624
0.24623592
0.2426452
0.24482132
0.24613406
0.24537356
0.2447256
0.2553135
0.24533732
0.2526355
0.24703625
0.24524345
0.25168177
0.24331024
0.2517785
0.24654482
0.24696872
0.24641299
0.2502397
0.24677879
0.24829364
0.24453261
0.24537663
0.2511116
0.24860586
0.24578932
0.24997447
0.24963702
0.24472795
0.25654206
0.24548806
0.2455041
0.24777786
0.24560718
0.24742548
0.24392484
0.24362992
0.24492042
0.24364601
0.24447072
0.24288066
0.24464348
0.24371096
0.24165834
0.25639635
0.2559946
0.25361878
0.2560452
0.24767113
0.24556303
0.24620475
0.25054458
0.24673498
0.25560832
0.24572481
0.24611078
0.24498865
0.25381428
0.23980677
0.24829529
0.24488893
0.24990025
0.24307609
0.24608858
0.24770448
0.2458775
0.24579768
0.24569535
0.25107637
0.24609518
0.24583344
0.24952286
0.24756114
0.2490856
0.24653617
0.24982092
0.24810319
0.24696222
0.243589
0.2473327
0.24449815
0.23932369
0.25255662
0.24866906
0.25399208
0.24979274
0.24731545
0.251623
0.25389177
0.24555181
0.2477378
0.25184828
0.2516573
0.24733363
0.25155184
0.25796118
0.25130647
0.24335994
0.24429123
0.24615842
0.25418088
0.2488686
0.24383244
0.2557717
0.25743634
0.256043
0.24711125
0.25315523
0.24708319
0.2512563
0.25080466
0.24432968
0.2490153
0.25173664
0.25419313
0.2542581
0.25054976
0.26216426
0.25046793
0.24812786
0.2499258
0.24689275
0.25470614
0.25239226
0.25324532
0.2556184
0.25817493
0.2529514
0.25313413
0.24893959
0.2508124
0.24985147
0.2525817
0.24728425
0.24648674
0.251911
0.25538406
0.2497147
0.24937071
0.2505946
0.2455596
0.24859457
0.24664412
0.24672726
0.24963155
0.24763842
0.25288996
0.24735042
0.24807002
0.24974969
0.24554789
0.24518302
0.24852192
0.25173762
0.25561568
0.255278
0.25221217
0.25405252
0.24733467
0.25720888
0.2495486
0.25717723
0.25018424
0.24988835
0.2538261
0.2530937
0.25387102
0.24811631
0.24427104
0.24767122
0.24591753
0.24823692
0.24579117
0.24788629
0.25433993
0.24098012
0.24339539
0.23839857
0.24303095
0.24140808
0.24277474
0.24629183
0.24181789
0.24435689
0.24485062
0.2513127
0.24441944
0.24561729
0.2501844
0.24873862
0.2494825
0.24642353
0.24975765
0.24642985
0.25058934
0.25122094
0.25561824
0.25088167
0.252541
0.2500936
0.24793136
0.244653
0.25393936
0.2518417
0.24981044
0.24437393
0.25055227
0.24808289
0.24624571
0.2505092
0.25001648
0.24613565
0.24530397
0.24888454
0.24662165
0.24729781
0.24705102
0.24375232
0.25109884
0.24871112
0.25235796
0.25419843
0.25324982
0.25854197
0.25838262
0.24520648
0.25014448
0.25141832
0.24521069
0.25057742
0.257234
0.2527396
0.25180396
0.2543361
0.26317266
0.24922556
0.25803706
0.25360465
0.24934377
0.24622695
0.24603534
0.24642669
0.24874523
0.2502901
0.24989808
0.2533314
0.24720258
0.2462739
0.2438607
0.24572527
0.24941474
0.24476767
0.24506351
0.24770896
0.24747159
0.24427532
0.2491195
0.24543363
0.25024045
0.2469178
0.24374165
0.24962476
0.24450529
0.24443573
0.24463706
0.25090125
0.24803391
0.24893345
0.24716505
0.25372198
0.24610867
0.2457528
0.24904633
0.24523409
0.25408322
0.24605216
0.24368066
0.24692318
0.25036126
0.249204
0.24769285
0.24869804
0.24949747
0.24761583
0.24456035
0.24636002
0.24464269
0.25145414
0.25366813
0.24999516
0.24602123
0.24862866
0.24811456
0.25048974
0.2530344
0.24894953
0.24695562
0.24543296
0.25077674
0.24518698
0.24978442
0.25129324
0.2515736
0.24840099
0.24795684
0.24763994
0.2602142
0.25539532
0.25301087
0.24907516
0.24732015
0.24524233
0.24762908
0.24835822
0.24967742
0.25568384
0.25575253
0.24933378
0.25123852
0.25065264
0.251454
0.24642181
0.2517695
0.25722626
0.2516785
0.25077537
0.2543315
0.25057268
0.25048864
0.25528377
0.24876472
0.25351995
0.25230193
0.24561219
0.24807854
0.2503447
0.24711275
0.25913998
0.24909236
0.25487334
0.24995324
0.25242722
0.25038615
0.24985617
0.25301382
0.25319627
0.2519898
0.25079224
0.24976407
0.25483227
0.25411835
0.2523992
0.25177717
0.25437176
0.25629798
0.25567877
0.24715152
0.2504006
0.25070083
0.24913836
0.24949326
0.25001618
0.2578357
0.24945886
0.24452451
0.25338557
0.25681087
0.25128505
0.25241092
0.24793842
0.2489118
0.24512058
0.2497281
0.24780492
0.24983907
0.25092253
0.2508623
0.2514149
0.2511927
0.25115088
0.2469114
0.25572208
0.24433693
0.250554
0.24832192
0.24961649
0.24894644
0.25531512
0.2508183
0.24928425
0.25222766
0.2531522
0.2554624
0.24949376
0.2497616
0.24953225
0.25816303
0.25718504
0.2500569
0.25128624
0.25134894
0.25039393
0.25210583
0.2520485
0.24494912
0.24988812
0.24570444
0.24693407
0.2431248
0.25027975
0.24440672
0.24420069
0.24161321
0.24391007
0.24795496
0.24483223
0.24201581
0.2461767
0.24889965
0.24923821
0.25165787
0.24913076
0.24645187
0.25137982
0.25010845
0.2472736
0.25201187
0.2498154
0.24489106
0.25380364
0.24994315
0.24365051
0.24810494
0.24813135
0.24401209
0.24382481
0.24248989
0.25089642
0.25231844
0.24963666
0.24695468
0.2409962
0.24373162
0.23939991
0.2508173
0.24502164
0.24244352
0.2528761
0.24955319
0.24866548
0.25519148
0.2554967
0.25124025
0.24646375
0.24523352
0.25279722
0.25006384
0.2576329
0.24640171
0.24871531
0.2445481
0.25461933
0.2536552
0.24920496
0.24584842
0.24572511
0.2484769
0.24515872
0.2541735
0.24373111
0.24590437
0.24648927
0.24693635
0.24166055
0.24265215
0.24313207
0.24966758
0.24980205
0.25014925
0.25953144
0.25145093
0.25108644
0.24778701
0.24916278
0.24880975
0.2563099
0.24910854
0.24834235
0.24627855
0.25190815
0.2516956
0.25065368
0.2512156
0.2428073
0.24970676
0.24693498
0.2484955
0.25183252
0.25210434
0.2562391
0.256645
0.24849583
0.24449039
0.25228575
0.25306043
0.24619788
0.25795758
0.25848815
0.24666815
0.2556696
0.254516
0.24726102
0.24921566
0.25163832
0.25322238
0.25552416
0.25069883
0.2618867
0.24686633
0.2533168
0.25328743
0.2501324
0.25040305
0.24896733
0.25589475
0.2486269
0.25113377
0.24946867
0.25709507
0.248596
0.25153804
0.2510021
0.24767306
0.24993253
0.24571858
0.2509378
0.25254485
0.25192982
0.25230438
0.2483556
0.25180265
0.25139683
0.24684519
0.2475531
0.24795055
0.24832426
0.2458939
0.24883848
0.24849676
0.25168648
0.25407642
0.25205207
0.24886133
0.24555944
0.25247642
0.24454464
0.24445486
0.242491
0.24901603
0.2498593
0.24804911
0.25116572
0.25134245
0.24968795
0.25176919
0.2559088
0.2520728
0.24720927
0.24963216
0.2506762
0.26240718
0.24717396
0.25102216
0.24993193
0.25101313
0.2524346
0.2484984
0.25466943
0.24739285
0.2499585
0.25594082
0.2524693
0.25551924
0.2518718
0.25769076
0.25299683
0.24988277
0.25154853
0.25601852
0.2522689
0.2514452
0.25398675
0.24832097
0.25002888
0.24789137
0.25196305
0.25755692
0.2465191
0.2516207
0.25456256
0.24994612
0.25193426
0.25113988
0.26204807
0.25231463
0.252283
0.24770783
0.25256
0.26002765
0.2533916
0.25120655
0.24967682
0.24760222
0.25182313
0.24535374
0.25033066
0.25102374
0.24630715
0.24885634
0.25192997
0.25805235
0.2534472
0.25477308
0.25504693
0.25336987
0.24947153
0.25130883
0.25139055
0.25359213
0.24985975
0.2536317
0.26185834
0.25829405
0.25382718
0.25046504
0.24857795
0.25194636
0.25208396
0.2559578
0.25574535
0.24655695
0.2575677
0.2521829
0.25118938
0.25202566
0.25523832
0.25475404
0.2565801
0.250995
0.25169525
0.25334525
0.25748083
0.2486504
0.248648
0.25017184
0.24840206
0.24447492
0.24509695
0.24734938
0.25056022
0.24923119
0.24812256
0.25580987
0.251749
0.25068828
0.25255582
0.25088793
0.24748576
0.24894595
0.2455202
0.2483605
0.24770595
0.24578075
0.24345158
0.2447037
0.25174567
0.2507323
0.24843746
0.25259697
0.24459688
0.24566913
0.2506174
0.25092632
0.25063202
0.24816653
0.25177088
0.25112376
0.24982667
0.24762909
0.25334668
0.25086695
0.25022128
0.2583189
0.25898433
0.2525538
0.24940433
0.24867187
0.24777476
0.25171164
0.2511959
0.25538838
0.24764138
0.25013036
0.25303972
0.24854153
0.24978957
0.26521057
0.2502133
0.24760868
0.2556415
0.2583719
0.25660974
0.25152752
0.2509171
0.25211746
0.25238305
0.24863474
0.25974396
0.2520014
0.24996956
0.25032902
0.25313622
0.2521092
0.25306338
0.25121123
0.2594144
0.25368696
0.2577949
0.25381684
0.24410775
0.24761158
0.24631254
0.25042826
0.25180468
0.24865468
0.24719268
0.2508534
0.24726233
0.25076178
0.24935837
0.24908528
0.2551007
0.25263402
0.25057104
0.2505825
0.25329673
0.25622478
0.2533519
0.25268808
0.25453356
0.2501763
0.25803894
0.25342613
0.25014266
0.2552318
0.25582573
0.25293183
0.2499672
0.25352228
0.2496158
